graphs/network flow/1 
No of Vertices : 
No of Edges : 
Source 1
Sink 955
22362
106729
117386
146388
206409
237638
244266
309713
314958
324619
345130
382211
393611
404519
480543
504589
567635
605253
621342
633646
698407
722281
725117
813888
847176
908578
954647
1019563
1053408
1089505
1136729
1151060
1171523
1189427
1217669
1264464
1269095
1285263
1313891
1323767
1365947
1451335
1468205
1537235
1549882
1559128
1564081
1625141
1675630
1702046
1705340
1749591
1757250
1779731
1838297
1862686
1862920
1885445
1906855
1950214
1959681
1975413
1978009
1990357
2030933
2055450
2083127
2101108
2127682
2128583
2140461
2179036
2181049
2184674
2186853
2215854
2222053
2225047
2242377
2259532
2264290
2304023
2316936
2340446
2340481
2373265
2377376
2387306
2425901
2426546
2426731
2445433
2475363
2481682
2483193
2511246
2535435
2562302
2562493
2597999
2608789
2617638
2619700
2622503
2623421
2643596
2679020
2680790
2681843
2714752
2717650
2734630
2748161
2751217
2752021
2754555
2763194
2784099
2789578
2793713
2809467
2830556
2832475
2833341
Max Flow is 2833341
Mincut Edges are 
1 2
1 3
1 4
1 5
1 6
1 7
1 8
1 9
1 10
1 11
1 12
1 13
1 14
1 15
1 16
1 17
1 18
1 19
1 20
1 21
1 22
1 23
1 24
1 25
1 26
1 27
1 28
1 29
1 30
1 31
1 32
1 33
1 34
1 35
1 36
1 37
1 38
1 39
1 40
1 41
1 42
1 43
1 44
1 45
1 46
1 47
1 48
1 49
1 50
1 51
1 52
1 53
1 54
1 55
1 56
1 57
1 58
1 59
1 60
2833341
Time taken: 407


graphs/network flow/2
No of Vertices : 
No of Edges : 
Source 1
Sink 2000
751
2407
2578
2633
3113
3911
4446
6352
7216
9009
9285
11742
11944
12103
12124
12136
12220
13064
14863
15427
15803
16715
18543
20331
20686
21232
21345
22134
23065
23947
24519
24883
25317
26579
27349
28680
28773
28941
30119
30633
30852
31346
31605
33455
33548
34344
35464
35553
36586
36894
37870
37959
39002
39150
39165
40521
41429
41643
42928
43143
43839
44177
44479
44629
Max Flow is 44629
Mincut Edges are 
1 2
1 3
1 4
1 5
1 6
1 7
1 8
1 9
1 10
1 11
1 12
1 13
1 14
1 15
1 16
1 17
1 18
1 19
1 20
1 21
1 22
1 23
1 24
1 25
1 26
1 27
1 28
1 29
1 30
1 31
1 32
1 33
1 34
1 35
1 36
44629
Time taken: 879

graphs/network flow/3
No of Vertices : 
No of Edges : 
11146366
11293515
11377355
11450418
11456299
11584810
11761871
11964626
12184572
12188634
12356429
12389151
12561364
12666782
12765755
12836333
12907196
12952743
13157916
13233837
13254419
13333289
13347036
13439084
13627450
13756282
13817772
14016443
14260858
14416315
14548821
14727428
14786129
15002474
15036932
15101513
15225561
15306388
15490075
15538427
15770720
15792008
15807296
15923673
16050378
16132147
16235453
16311726
16368561
16534114
16602659
16699510
16703209
16785501
16979265
17123081
17179497
17245121
17287607
17545500
17638458
17770894
17823745
17901556
17998737
18122763
18294029
18431609
18495737
18556488
18676634
18684925
18814619
18839107
18880126
19052876
19186430
19247106
19450127
19532552
19766298
19815268
19892673
20165516
20194509
20250979
20283989
20369397
20407842
20604486
20698622
20736223
20813703
20826205
20857968
20948981
20956709
21076089
21221033
21276651
21502825
21645616
21803673
21881361
22048640
22049695
22112628
22118765
22133309
22179223
22184136
22184184
22279067
22379607
22488146
22500851
22590781
22644697
22659161
22693733
22827129
23078778
23216841
23461232
23596584
23616871
23831162
23835952
23911444
23959437
24174371
24176036
24283171
24334339
24508325
24719690
24771912
24925182
25119677
25157498
25180955
25382769
25479010
25498296
25500649
25502492
25534482
25609865
25665623
25916675
25959881
26182549
26385250
26393587
26476997
26515049
26649807
26684971
26745999
26770384
26780045
26792460
26837078
26947078
26952384
26992706
27014070
27019565
27253782
27385993
27397692
27571718
27677993
27863208
28071925
28096904
28264173
28435520
28469133
28641011
28691515
28905386
28999932
29287354
29425913
29520220
29563880
29689849
29819320
29840360
29856630
30117962
30387323
30448210
30531582
30641140
30658700
30749631
30781035
30822597
30880206
31013296
31139098
31157116
31404485
31489124
31748472
31895609
32065085
32274397
32293412
32432604
32497875
32527787
32654401
32798132
32922350
32942361
33035858
33127061
33151077
33187480
33235203
33450748
33562042
33597448
33709827
33898039
34130120
34133750
34273738
34417562
34554281
34574889
34600187
34600626
34622224
34622622
34770198
34772683
34924481
35007423
35181745
35247429
35276634
35527854
35565103
35597619
35676686
35772150
35895869
35915304
35963522
36061371
36172227
36283390
36522389
36569747
36785473
36872904
36875967
36916020
36971665
37096239
37101484
37147435
37176681
37207319
37218808
37397132
37400417
37463157
37485725
37489692
37501809
37517751
37532040
37558924
37699902
37820804
37827951
37882904
37919254
37922115
37957649
38030167
38065566
38094431
38094777
38117186
38179436
38251686
38271989
38295927
38376087
38381798
38405174
38418023
38428533
38529277
38607480
38654589
38723541
38795585
38848372
38867933
38891603
38918033
38985878
38997574
39015243
39170487
39176304
39198770
39238966
39270608
39277404
39283207
39300785
39339201
39393905
39460237
39467556
39513204
39591573
39596618
39724012
39736543
39796689
39836966
39851384
39855492
39891237
39911779
40007954
40061265
40222163
40271115
40331393
40341546
40351954
40354361
40420980
40422700
40460767
40518970
40623049
40634747
40645582
40693930
40757790
40874966
40903470
40920169
40933941
41001648
41004814
41070711
41074908
41199031
41280208
41334266
41344537
41350690
41462735
41470485
41485935
41524142
41589974
41653838
41661217
41725909
41779832
41840250
41913149
41926732
41973535
42014758
42052411
42068073
42249303
42292919
42383211
42423922
42453315
42471552
42522987
42616923
42646858
42684000
42702954
42721141
42755359
42768448
42821343
42933575
42964761
42997560
43056506
43080260
43093415
43131417
43216892
43230060
43415687
43423309
43474004
43478348
43481232
43506301
43589090
43685008
43742954
43748366
43751540
43807883
43915684
43931777
43944202
43980472
43982581
43994452
44024146
44063928
44157159
44216436
44390251
44462731
44475552
44574495
44652782
44727938
44742275
44760201
44779851
44823454
44907973
44924931
44932216
45028338
45029342
45035141
45056962
45084259
45100828
45126142
45178233
45217726
45281900
45286196
45287996
45337955
45354315
45358674
45372935
45467295
45488239
45585146
45627785
45723421
45742408
45978270
46005525
46018514
46034751
46063564
46092066
46157050
46188332
46224940
46265732
46295491
46361438
46476710
46590995
46614251
46616807
46705619
46772351
46835896
46874225
46893926
46929296
46940960
46942326
46953807
47050373
47055317
47121672
47172770
47186775
47251463
47385277
47455092
47500417
47611975
47619028
47689168
47801496
47839591
47873106
47910570
47937940
47939277
47964319
47977083
48071001
48138567
48148087
48204076
48308350
48356006
48398802
48452646
48461401
48486819
48511878
48625938
48636152
48687138
48757641
48778172
48808503
48818559
48860723
48876129
48937100
48986043
49025416
49086965
49097172
49101723
49116077
49117998
49163917
49222304
49228162
49258758
49360975
49483176
49499176
49550628
49573164
49583464
49591294
49596176
49628676
49675936
49692748
49711442
49712730
49829499
49912183
50031973
50034297
50051528
50200778
50255839
50308011
50390307
50539224
50583288
50595190
50600522
50664827
50673039
50688792
50714529
50830822
50864755
50924853
50932224
50996331
51003690
51019313
51025477
51099951
51173316
51197632
51232033
51256631
51259704
51329994
51360767
51383341
51420126
51452452
51477669
51481361
51532554
51558138
51561277
51643421
51652217
51691776
51732868
51735178
51813750
51835175
51846928
51925162
51995902
52064555
52076546
52169541
52197452
52206710
52248228
52301296
52301835
52389615
52406347
52412948
52424896
52490773
52537099
52538711
52724478
52729392
52735833
52736127
52773891
52848792
52876094
52936087
52954635
53003281
53033095
53035753
53043595
53116630
53120056
53122805
53149591
53274262
53392644
53423439
53550748
53567123
53622733
53770691
53821856
53846929
53901238
53960319
53965068
53982694
54034834
54093173
54125593
54267107
54282830
54335105
54335169
54345505
54362440
54393284
54431035
54438174
54479268
54486302
54530649
54540932
54561112
54635622
54665840
54726666
54767340
Max Flow is 54767340
Mincut Edges are 
2 2200
3 2200
4 2200
5 2200
6 2200
7 2200
8 2200
9 2200
10 2200
11 2200
12 2200
13 2200
14 2200
15 2200
16 2200
17 2200
18 2200
19 2200
20 2200
21 2200
22 2200
23 2200
24 2200
25 2200
26 2200
27 2200
28 2200
29 2200
30 2200
31 2200
32 2200
33 2200
34 2200
35 2200
36 2200
37 2200
38 2200
39 2200
40 2200
41 2200
42 2200
43 2200
44 2200
45 2200
46 2200
47 2200
48 2200
49 2200
50 2200
51 2200
52 2200
53 2200
54 2200
55 2200
56 2200
57 2200
58 2200
59 2200
60 2200
61 2200
62 2200
63 2200
64 2200
65 2200
66 2200
67 2200
68 2200
69 2200
70 2200
71 2200
72 2200
73 2200
74 2200
75 2200
76 2200
77 2200
78 2200
79 2200
80 2200
81 2200
82 2200
83 2200
84 2200
85 2200
86 2200
87 2200
88 2200
89 2200
90 2200
91 2200
92 2200
93 2200
94 2200
95 2200
96 2200
97 2200
98 2200
99 2200
100 2200
101 2200
102 2200
103 2200
104 2200
105 2200
106 2200
107 2200
108 2200
109 2200
110 2200
111 2200
112 2200
113 2200
114 2200
115 2200
116 2200
117 2200
118 2200
119 2200
120 2200
121 2200
122 2200
123 2200
124 2200
125 2200
126 2200
127 2200
128 2200
129 2200
130 2200
131 2200
132 2200
133 2200
134 2200
135 2200
136 2200
137 2200
138 2200
139 2200
140 2200
141 2200
142 2200
143 2200
144 2200
145 2200
146 2200
147 2200
148 2200
149 2200
150 2200
151 2200
152 2200
153 2200
154 2200
155 2200
156 2200
157 2200
158 2200
159 2200
160 2200
161 2200
162 2200
163 2200
164 2200
165 2200
166 2200
167 2200
168 2200
169 2200
170 2200
171 2200
172 2200
173 2200
174 2200
175 2200
176 2200
177 2200
178 2200
179 2200
180 2200
181 2200
182 2200
183 2200
184 2200
185 2200
186 2200
187 2200
188 2200
189 2200
190 2200
191 2200
192 2200
193 2200
194 2200
195 2200
196 2200
197 2200
198 2200
199 2200
200 2200
201 2200
202 2200
203 2200
204 2200
205 2200
206 2200
207 2200
208 2200
209 2200
210 2200
211 2200
212 2200
213 2200
214 2200
215 2200
216 2200
217 2200
218 2200
219 2200
220 2200
221 2200
222 2200
223 2200
224 2200
225 2200
226 2200
227 2200
228 2200
229 2200
230 2200
231 2200
232 2200
233 2200
234 2200
235 2200
236 2200
237 2200
238 2200
239 2200
240 2200
241 2200
242 2200
243 2200
244 2200
245 2200
246 2200
247 2200
248 2200
249 2200
250 2200
251 2200
252 2200
253 2200
254 2200
255 2200
256 2200
257 2200
258 2200
259 2200
260 2200
261 2200
262 2200
263 2200
264 2200
265 2200
266 2200
267 2200
268 2200
269 2200
270 2200
271 2200
272 2200
273 2200
274 2200
275 2200
276 2200
277 2200
278 2200
279 2200
280 2200
281 2200
282 2200
283 2200
284 2200
285 2200
286 2200
287 2200
288 2200
289 2200
290 2200
291 2200
292 2200
293 2200
294 2200
295 2200
296 2200
297 2200
298 2200
299 2200
300 2200
301 2200
302 2200
303 2200
304 2200
305 2200
306 2200
307 2200
308 2200
309 2200
310 2200
311 2200
312 2200
313 2200
314 2200
315 2200
316 2200
317 2200
318 2200
319 2200
320 2200
321 2200
322 2200
323 2200
324 2200
325 2200
326 2200
327 2200
328 2200
329 2200
330 2200
331 2200
332 2200
333 2200
334 2200
335 2200
336 2200
337 2200
338 2200
339 2200
340 2200
341 2200
342 2200
343 2200
344 2200
345 2200
346 2200
347 2200
348 2200
349 2200
350 2200
351 2200
352 2200
353 2200
354 2200
355 2200
356 2200
357 2200
358 2200
359 2200
360 2200
361 2200
362 2200
363 2200
364 2200
365 2200
366 2200
367 2200
368 2200
369 2200
54767340
Time taken: 12848


All these Graphs are single Edge graphs 
So output is too long 
Dataset/5b
No of Vertices : 
No of Edges :
Max Flow: 12652
Time taken: 163938

Dataset/6b
No of Vertices : 
No of Edges :
451
Time taken: 117

Dataset/7b
No of Vertices : 
No of Edges :
Max Flow: 63
Time taken: 7

Dataset/8b
No of Vertices : 
No of Edges :
Max Flow: 959
Time taken: 1595

Dataset/9b
No of Vertices : 
No of Edges :
Max Flow: 2202
Time taken: 7825

Dataset/10b
No of Vertices : 
No of Edges :
Max Flow: 4069
Time taken: 22700



Bipartite Graphs


graphs/bipartite/1
No of Vertices set1:
No of Vertices set2: 
No of Edges :
Max Bipartite Matching: 12652
Time taken: 40000-50000 (40-50sec)


graphs/bipartite/3
No of Vertices set1:
No of Vertices set2: 
No of Edges :
Max Bipartite Matching: 7391
Time taken: 180000-240000 (3-4min)



