2211 3685
2210 1 1
2210 2 1
2210 3 1
2210 4 1
2210 5 1
2210 6 1
2210 7 1
2210 8 1
2210 9 1
2210 10 1
2210 11 1
2210 12 1
2210 13 1
2210 14 1
2210 15 1
2210 16 1
2210 17 1
2210 18 1
2210 19 1
2210 20 1
2210 21 1
2210 22 1
2210 23 1
2210 24 1
2210 25 1
2210 26 1
2210 27 1
2210 28 1
2210 29 1
2210 30 1
2210 31 1
2210 32 1
2210 33 1
2210 34 1
2210 35 1
2210 36 1
2210 37 1
2210 38 1
2210 39 1
2210 40 1
2210 41 1
2210 42 1
2210 43 1
2210 44 1
2210 45 1
2210 46 1
2210 47 1
2210 48 1
2210 49 1
2210 50 1
2210 51 1
2210 52 1
2210 53 1
2210 54 1
2210 55 1
2210 56 1
2210 57 1
2210 58 1
2210 59 1
2210 60 1
2210 61 1
2210 62 1
2210 63 1
2210 64 1
2210 65 1
2210 66 1
2210 67 1
2210 68 1
2210 69 1
2210 70 1
2210 71 1
2210 72 1
2210 73 1
2210 74 1
2210 75 1
2210 76 1
2210 77 1
2210 78 1
2210 79 1
2210 80 1
2210 81 1
2210 82 1
2210 83 1
2210 84 1
2210 85 1
2210 86 1
2210 87 1
2210 88 1
2210 89 1
2210 90 1
2210 91 1
2210 92 1
2210 93 1
2210 94 1
2210 95 1
2210 96 1
2210 97 1
2210 98 1
2210 99 1
2210 100 1
2210 101 1
2210 102 1
2210 103 1
2210 104 1
2210 105 1
2210 106 1
2210 107 1
2210 108 1
2210 109 1
2210 110 1
2210 111 1
2210 112 1
2210 113 1
2210 114 1
2210 115 1
2210 116 1
2210 117 1
2210 118 1
2210 119 1
2210 120 1
2210 121 1
2210 122 1
2210 123 1
2210 124 1
2210 125 1
2210 126 1
2210 127 1
2210 128 1
2210 129 1
2210 130 1
2210 131 1
2210 132 1
2210 133 1
2210 134 1
2210 135 1
2210 136 1
2210 137 1
2210 138 1
2210 139 1
2210 140 1
2210 141 1
2210 142 1
2210 143 1
2210 144 1
2210 145 1
2210 146 1
2210 147 1
2210 148 1
2210 149 1
2210 150 1
2210 151 1
2210 152 1
2210 153 1
2210 154 1
2210 155 1
2210 156 1
2210 157 1
2210 158 1
2210 159 1
2210 160 1
2210 161 1
2210 162 1
2210 163 1
2210 164 1
2210 165 1
2210 166 1
2210 167 1
2210 168 1
2210 169 1
2210 170 1
2210 171 1
2210 172 1
2210 173 1
2210 174 1
2210 175 1
2210 176 1
2210 177 1
2210 178 1
2210 179 1
2210 180 1
2210 181 1
2210 182 1
2210 183 1
2210 184 1
2210 185 1
2210 186 1
2210 187 1
2210 188 1
2210 189 1
2210 190 1
2210 191 1
2210 192 1
2210 193 1
2210 194 1
2210 195 1
2210 196 1
2210 197 1
2210 198 1
2210 199 1
2210 200 1
2210 201 1
2210 202 1
2210 203 1
2210 204 1
2210 205 1
2210 206 1
2210 207 1
2210 208 1
2210 209 1
2210 210 1
2210 211 1
2210 212 1
2210 213 1
2210 214 1
2210 215 1
2210 216 1
2210 217 1
2210 218 1
2210 219 1
2210 220 1
2210 221 1
2210 222 1
2210 223 1
2210 224 1
2210 225 1
2210 226 1
2210 227 1
2210 228 1
2210 229 1
2210 230 1
2210 231 1
2210 232 1
2210 233 1
2210 234 1
2210 235 1
2210 236 1
2210 237 1
2210 238 1
2210 239 1
2210 240 1
2210 241 1
2210 242 1
2210 243 1
2210 244 1
2210 245 1
2210 246 1
2210 247 1
2210 248 1
2210 249 1
2210 250 1
2210 251 1
2210 252 1
2210 253 1
2210 254 1
2210 255 1
2210 256 1
2210 257 1
2210 258 1
2210 259 1
2210 260 1
2210 261 1
2210 262 1
2210 263 1
2210 264 1
2210 265 1
2210 266 1
2210 267 1
2210 268 1
2210 269 1
2210 270 1
2210 271 1
2210 272 1
2210 273 1
2210 274 1
2210 275 1
2210 276 1
2210 277 1
2210 278 1
2210 279 1
2210 280 1
2210 281 1
2210 282 1
2210 283 1
2210 284 1
2210 285 1
2210 286 1
2210 287 1
2210 288 1
2210 289 1
2210 290 1
2210 291 1
2210 292 1
2210 293 1
2210 294 1
2210 295 1
2210 296 1
2210 297 1
2210 298 1
2210 299 1
2210 300 1
2210 301 1
2210 302 1
2210 303 1
2210 304 1
2210 305 1
2210 306 1
2210 307 1
2210 308 1
2210 309 1
2210 310 1
2210 311 1
2210 312 1
2210 313 1
2210 314 1
2210 315 1
2210 316 1
2210 317 1
2210 318 1
2210 319 1
2210 320 1
2210 321 1
2210 322 1
2210 323 1
2210 324 1
2210 325 1
2210 326 1
2210 327 1
2210 328 1
2210 329 1
2210 330 1
2210 331 1
2210 332 1
2210 333 1
2210 334 1
2210 335 1
2210 336 1
2210 337 1
2210 338 1
2210 339 1
2210 340 1
2210 341 1
2210 342 1
2210 343 1
2210 344 1
2210 345 1
2210 346 1
2210 347 1
2210 348 1
2210 349 1
2210 350 1
2210 351 1
2210 352 1
2210 353 1
2210 354 1
2210 355 1
2210 356 1
2210 357 1
2210 358 1
2210 359 1
2210 360 1
2210 361 1
2210 362 1
2210 363 1
2210 364 1
2210 365 1
2210 366 1
2210 367 1
2210 368 1
2210 369 1
2210 370 1
2210 371 1
2210 372 1
2210 373 1
2210 374 1
2210 375 1
2210 376 1
2210 377 1
2210 378 1
2210 379 1
2210 380 1
2210 381 1
2210 382 1
2210 383 1
2210 384 1
2210 385 1
2210 386 1
2210 387 1
2210 388 1
2210 389 1
2210 390 1
2210 391 1
2210 392 1
2210 393 1
2210 394 1
2210 395 1
2210 396 1
2210 397 1
2210 398 1
2210 399 1
2210 400 1
2210 401 1
2210 402 1
2210 403 1
2210 404 1
2210 405 1
2210 406 1
2210 407 1
2210 408 1
2210 409 1
2210 410 1
2210 411 1
2210 412 1
2210 413 1
2210 414 1
2210 415 1
2210 416 1
2210 417 1
2210 418 1
2210 419 1
2210 420 1
2210 421 1
2210 422 1
2210 423 1
2210 424 1
2210 425 1
2210 426 1
2210 427 1
2210 428 1
2210 429 1
2210 430 1
2210 431 1
2210 432 1
2210 433 1
2210 434 1
2210 435 1
2210 436 1
2210 437 1
2210 438 1
2210 439 1
2210 440 1
2210 441 1
2210 442 1
2210 443 1
2210 444 1
2210 445 1
2210 446 1
2210 447 1
2210 448 1
2210 449 1
2210 450 1
2210 451 1
2210 452 1
2210 453 1
2210 454 1
2210 455 1
2210 456 1
2210 457 1
2210 458 1
2210 459 1
2210 460 1
2210 461 1
2210 462 1
2210 463 1
2210 464 1
2210 465 1
2210 466 1
2210 467 1
2210 468 1
2210 469 1
2210 470 1
2210 471 1
2210 472 1
2210 473 1
2210 474 1
2210 475 1
2210 476 1
2210 477 1
2210 478 1
2210 479 1
2210 480 1
2210 481 1
2210 482 1
2210 483 1
2210 484 1
2210 485 1
2210 486 1
2210 487 1
2210 488 1
2210 489 1
2210 490 1
2210 491 1
2210 492 1
2210 493 1
2210 494 1
2210 495 1
2210 496 1
2210 497 1
2210 498 1
2210 499 1
2210 500 1
2210 501 1
2210 502 1
2210 503 1
2210 504 1
2210 505 1
2210 506 1
2210 507 1
2210 508 1
2210 509 1
2210 510 1
2210 511 1
2210 512 1
2210 513 1
2210 514 1
2210 515 1
2210 516 1
2210 517 1
2210 518 1
2210 519 1
2210 520 1
2210 521 1
2210 522 1
2210 523 1
2210 524 1
2210 525 1
2210 526 1
2210 527 1
2210 528 1
2210 529 1
2210 530 1
2210 531 1
2210 532 1
2210 533 1
2210 534 1
2210 535 1
2210 536 1
2210 537 1
2210 538 1
2210 539 1
2210 540 1
2210 541 1
2210 542 1
2210 543 1
2210 544 1
2210 545 1
2210 546 1
2210 547 1
2210 548 1
2210 549 1
2210 550 1
2210 551 1
2210 552 1
2210 553 1
2210 554 1
2210 555 1
2210 556 1
2210 557 1
2210 558 1
2210 559 1
2210 560 1
2210 561 1
2210 562 1
2210 563 1
2210 564 1
2210 565 1
2210 566 1
2210 567 1
2210 568 1
2210 569 1
2210 570 1
2210 571 1
2210 572 1
2210 573 1
2210 574 1
2210 575 1
2210 576 1
2210 577 1
2210 578 1
2210 579 1
2210 580 1
2210 581 1
2210 582 1
2210 583 1
2210 584 1
2210 585 1
2210 586 1
2210 587 1
2210 588 1
2210 589 1
2210 590 1
2210 591 1
2210 592 1
2210 593 1
2210 594 1
2210 595 1
2210 596 1
2210 597 1
2210 598 1
2210 599 1
2210 600 1
2210 601 1
2210 602 1
2210 603 1
2210 604 1
2210 605 1
2210 606 1
2210 607 1
2210 608 1
2210 609 1
2210 610 1
2210 611 1
2210 612 1
2210 613 1
2210 614 1
2210 615 1
2210 616 1
2210 617 1
2210 618 1
2210 619 1
2210 620 1
2210 621 1
2210 622 1
2210 623 1
2210 624 1
2210 625 1
2210 626 1
2210 627 1
2210 628 1
2210 629 1
2210 630 1
2210 631 1
2210 632 1
2210 633 1
2210 634 1
2210 635 1
2210 636 1
2210 637 1
2210 638 1
2210 639 1
2210 640 1
2210 641 1
2210 642 1
2210 643 1
2210 644 1
2210 645 1
2210 646 1
2210 647 1
2210 648 1
2210 649 1
2210 650 1
2210 651 1
2210 652 1
2210 653 1
2210 654 1
2210 655 1
2210 656 1
2210 657 1
2210 658 1
2210 659 1
2210 660 1
2210 661 1
2210 662 1
2210 663 1
2210 664 1
2210 665 1
2210 666 1
2210 667 1
2210 668 1
2210 669 1
2210 670 1
2210 671 1
2210 672 1
2210 673 1
2210 674 1
2210 675 1
2210 676 1
2210 677 1
2210 678 1
2210 679 1
2210 680 1
2210 681 1
2210 682 1
2210 683 1
2210 684 1
2210 685 1
2210 686 1
2210 687 1
2210 688 1
2210 689 1
2210 690 1
2210 691 1
2210 692 1
2210 693 1
2210 694 1
2210 695 1
2210 696 1
2210 697 1
2210 698 1
2210 699 1
2210 700 1
2210 701 1
2210 702 1
2210 703 1
2210 704 1
2210 705 1
2210 706 1
2210 707 1
2210 708 1
2210 709 1
2210 710 1
2210 711 1
2210 712 1
2210 713 1
2210 714 1
2210 715 1
2210 716 1
2210 717 1
2210 718 1
2210 719 1
2210 720 1
2210 721 1
2210 722 1
2210 723 1
2210 724 1
2210 725 1
2210 726 1
2210 727 1
2210 728 1
2210 729 1
2210 730 1
2210 731 1
2210 732 1
2210 733 1
2210 734 1
2210 735 1
2210 736 1
2210 737 1
2210 738 1
2210 739 1
2210 740 1
2210 741 1
2210 742 1
2210 743 1
2210 744 1
2210 745 1
2210 746 1
2210 747 1
2210 748 1
2210 749 1
2210 750 1
2210 751 1
2210 752 1
2210 753 1
2210 754 1
2210 755 1
2210 756 1
2210 757 1
2210 758 1
2210 759 1
2210 760 1
2210 761 1
2210 762 1
2210 763 1
2210 764 1
2210 765 1
2210 766 1
2210 767 1
2210 768 1
2210 769 1
2210 770 1
2210 771 1
2210 772 1
2210 773 1
2210 774 1
2210 775 1
2210 776 1
2210 777 1
2210 778 1
2210 779 1
2210 780 1
2210 781 1
2210 782 1
2210 783 1
2210 784 1
2210 785 1
2210 786 1
2210 787 1
2210 788 1
2210 789 1
2210 790 1
2210 791 1
2210 792 1
2210 793 1
2210 794 1
2210 795 1
2210 796 1
2210 797 1
2210 798 1
2210 799 1
2210 800 1
2210 801 1
2210 802 1
2210 803 1
2210 804 1
2210 805 1
2210 806 1
2210 807 1
2210 808 1
2210 809 1
2210 810 1
2210 811 1
2210 812 1
2210 813 1
2210 814 1
2210 815 1
2210 816 1
2210 817 1
2210 818 1
2210 819 1
2210 820 1
2210 821 1
2210 822 1
2210 823 1
2210 824 1
2210 825 1
2210 826 1
2210 827 1
2210 828 1
2210 829 1
830 2211 1
831 2211 1
832 2211 1
833 2211 1
834 2211 1
835 2211 1
836 2211 1
837 2211 1
838 2211 1
839 2211 1
840 2211 1
841 2211 1
842 2211 1
843 2211 1
844 2211 1
845 2211 1
846 2211 1
847 2211 1
848 2211 1
849 2211 1
850 2211 1
851 2211 1
852 2211 1
853 2211 1
854 2211 1
855 2211 1
856 2211 1
857 2211 1
858 2211 1
859 2211 1
860 2211 1
861 2211 1
862 2211 1
863 2211 1
864 2211 1
865 2211 1
866 2211 1
867 2211 1
868 2211 1
869 2211 1
870 2211 1
871 2211 1
872 2211 1
873 2211 1
874 2211 1
875 2211 1
876 2211 1
877 2211 1
878 2211 1
879 2211 1
880 2211 1
881 2211 1
882 2211 1
883 2211 1
884 2211 1
885 2211 1
886 2211 1
887 2211 1
888 2211 1
889 2211 1
890 2211 1
891 2211 1
892 2211 1
893 2211 1
894 2211 1
895 2211 1
896 2211 1
897 2211 1
898 2211 1
899 2211 1
900 2211 1
901 2211 1
902 2211 1
903 2211 1
904 2211 1
905 2211 1
906 2211 1
907 2211 1
908 2211 1
909 2211 1
910 2211 1
911 2211 1
912 2211 1
913 2211 1
914 2211 1
915 2211 1
916 2211 1
917 2211 1
918 2211 1
919 2211 1
920 2211 1
921 2211 1
922 2211 1
923 2211 1
924 2211 1
925 2211 1
926 2211 1
927 2211 1
928 2211 1
929 2211 1
930 2211 1
931 2211 1
932 2211 1
933 2211 1
934 2211 1
935 2211 1
936 2211 1
937 2211 1
938 2211 1
939 2211 1
940 2211 1
941 2211 1
942 2211 1
943 2211 1
944 2211 1
945 2211 1
946 2211 1
947 2211 1
948 2211 1
949 2211 1
950 2211 1
951 2211 1
952 2211 1
953 2211 1
954 2211 1
955 2211 1
956 2211 1
957 2211 1
958 2211 1
959 2211 1
960 2211 1
961 2211 1
962 2211 1
963 2211 1
964 2211 1
965 2211 1
966 2211 1
967 2211 1
968 2211 1
969 2211 1
970 2211 1
971 2211 1
972 2211 1
973 2211 1
974 2211 1
975 2211 1
976 2211 1
977 2211 1
978 2211 1
979 2211 1
980 2211 1
981 2211 1
982 2211 1
983 2211 1
984 2211 1
985 2211 1
986 2211 1
987 2211 1
988 2211 1
989 2211 1
990 2211 1
991 2211 1
992 2211 1
993 2211 1
994 2211 1
995 2211 1
996 2211 1
997 2211 1
998 2211 1
999 2211 1
1000 2211 1
1001 2211 1
1002 2211 1
1003 2211 1
1004 2211 1
1005 2211 1
1006 2211 1
1007 2211 1
1008 2211 1
1009 2211 1
1010 2211 1
1011 2211 1
1012 2211 1
1013 2211 1
1014 2211 1
1015 2211 1
1016 2211 1
1017 2211 1
1018 2211 1
1019 2211 1
1020 2211 1
1021 2211 1
1022 2211 1
1023 2211 1
1024 2211 1
1025 2211 1
1026 2211 1
1027 2211 1
1028 2211 1
1029 2211 1
1030 2211 1
1031 2211 1
1032 2211 1
1033 2211 1
1034 2211 1
1035 2211 1
1036 2211 1
1037 2211 1
1038 2211 1
1039 2211 1
1040 2211 1
1041 2211 1
1042 2211 1
1043 2211 1
1044 2211 1
1045 2211 1
1046 2211 1
1047 2211 1
1048 2211 1
1049 2211 1
1050 2211 1
1051 2211 1
1052 2211 1
1053 2211 1
1054 2211 1
1055 2211 1
1056 2211 1
1057 2211 1
1058 2211 1
1059 2211 1
1060 2211 1
1061 2211 1
1062 2211 1
1063 2211 1
1064 2211 1
1065 2211 1
1066 2211 1
1067 2211 1
1068 2211 1
1069 2211 1
1070 2211 1
1071 2211 1
1072 2211 1
1073 2211 1
1074 2211 1
1075 2211 1
1076 2211 1
1077 2211 1
1078 2211 1
1079 2211 1
1080 2211 1
1081 2211 1
1082 2211 1
1083 2211 1
1084 2211 1
1085 2211 1
1086 2211 1
1087 2211 1
1088 2211 1
1089 2211 1
1090 2211 1
1091 2211 1
1092 2211 1
1093 2211 1
1094 2211 1
1095 2211 1
1096 2211 1
1097 2211 1
1098 2211 1
1099 2211 1
1100 2211 1
1101 2211 1
1102 2211 1
1103 2211 1
1104 2211 1
1105 2211 1
1106 2211 1
1107 2211 1
1108 2211 1
1109 2211 1
1110 2211 1
1111 2211 1
1112 2211 1
1113 2211 1
1114 2211 1
1115 2211 1
1116 2211 1
1117 2211 1
1118 2211 1
1119 2211 1
1120 2211 1
1121 2211 1
1122 2211 1
1123 2211 1
1124 2211 1
1125 2211 1
1126 2211 1
1127 2211 1
1128 2211 1
1129 2211 1
1130 2211 1
1131 2211 1
1132 2211 1
1133 2211 1
1134 2211 1
1135 2211 1
1136 2211 1
1137 2211 1
1138 2211 1
1139 2211 1
1140 2211 1
1141 2211 1
1142 2211 1
1143 2211 1
1144 2211 1
1145 2211 1
1146 2211 1
1147 2211 1
1148 2211 1
1149 2211 1
1150 2211 1
1151 2211 1
1152 2211 1
1153 2211 1
1154 2211 1
1155 2211 1
1156 2211 1
1157 2211 1
1158 2211 1
1159 2211 1
1160 2211 1
1161 2211 1
1162 2211 1
1163 2211 1
1164 2211 1
1165 2211 1
1166 2211 1
1167 2211 1
1168 2211 1
1169 2211 1
1170 2211 1
1171 2211 1
1172 2211 1
1173 2211 1
1174 2211 1
1175 2211 1
1176 2211 1
1177 2211 1
1178 2211 1
1179 2211 1
1180 2211 1
1181 2211 1
1182 2211 1
1183 2211 1
1184 2211 1
1185 2211 1
1186 2211 1
1187 2211 1
1188 2211 1
1189 2211 1
1190 2211 1
1191 2211 1
1192 2211 1
1193 2211 1
1194 2211 1
1195 2211 1
1196 2211 1
1197 2211 1
1198 2211 1
1199 2211 1
1200 2211 1
1201 2211 1
1202 2211 1
1203 2211 1
1204 2211 1
1205 2211 1
1206 2211 1
1207 2211 1
1208 2211 1
1209 2211 1
1210 2211 1
1211 2211 1
1212 2211 1
1213 2211 1
1214 2211 1
1215 2211 1
1216 2211 1
1217 2211 1
1218 2211 1
1219 2211 1
1220 2211 1
1221 2211 1
1222 2211 1
1223 2211 1
1224 2211 1
1225 2211 1
1226 2211 1
1227 2211 1
1228 2211 1
1229 2211 1
1230 2211 1
1231 2211 1
1232 2211 1
1233 2211 1
1234 2211 1
1235 2211 1
1236 2211 1
1237 2211 1
1238 2211 1
1239 2211 1
1240 2211 1
1241 2211 1
1242 2211 1
1243 2211 1
1244 2211 1
1245 2211 1
1246 2211 1
1247 2211 1
1248 2211 1
1249 2211 1
1250 2211 1
1251 2211 1
1252 2211 1
1253 2211 1
1254 2211 1
1255 2211 1
1256 2211 1
1257 2211 1
1258 2211 1
1259 2211 1
1260 2211 1
1261 2211 1
1262 2211 1
1263 2211 1
1264 2211 1
1265 2211 1
1266 2211 1
1267 2211 1
1268 2211 1
1269 2211 1
1270 2211 1
1271 2211 1
1272 2211 1
1273 2211 1
1274 2211 1
1275 2211 1
1276 2211 1
1277 2211 1
1278 2211 1
1279 2211 1
1280 2211 1
1281 2211 1
1282 2211 1
1283 2211 1
1284 2211 1
1285 2211 1
1286 2211 1
1287 2211 1
1288 2211 1
1289 2211 1
1290 2211 1
1291 2211 1
1292 2211 1
1293 2211 1
1294 2211 1
1295 2211 1
1296 2211 1
1297 2211 1
1298 2211 1
1299 2211 1
1300 2211 1
1301 2211 1
1302 2211 1
1303 2211 1
1304 2211 1
1305 2211 1
1306 2211 1
1307 2211 1
1308 2211 1
1309 2211 1
1310 2211 1
1311 2211 1
1312 2211 1
1313 2211 1
1314 2211 1
1315 2211 1
1316 2211 1
1317 2211 1
1318 2211 1
1319 2211 1
1320 2211 1
1321 2211 1
1322 2211 1
1323 2211 1
1324 2211 1
1325 2211 1
1326 2211 1
1327 2211 1
1328 2211 1
1329 2211 1
1330 2211 1
1331 2211 1
1332 2211 1
1333 2211 1
1334 2211 1
1335 2211 1
1336 2211 1
1337 2211 1
1338 2211 1
1339 2211 1
1340 2211 1
1341 2211 1
1342 2211 1
1343 2211 1
1344 2211 1
1345 2211 1
1346 2211 1
1347 2211 1
1348 2211 1
1349 2211 1
1350 2211 1
1351 2211 1
1352 2211 1
1353 2211 1
1354 2211 1
1355 2211 1
1356 2211 1
1357 2211 1
1358 2211 1
1359 2211 1
1360 2211 1
1361 2211 1
1362 2211 1
1363 2211 1
1364 2211 1
1365 2211 1
1366 2211 1
1367 2211 1
1368 2211 1
1369 2211 1
1370 2211 1
1371 2211 1
1372 2211 1
1373 2211 1
1374 2211 1
1375 2211 1
1376 2211 1
1377 2211 1
1378 2211 1
1379 2211 1
1380 2211 1
1 830 1
1 831 1
1 832 1
1 833 1
2 834 1
2 835 1
2 836 1
2 837 1
2 838 1
2 839 1
2 840 1
2 841 1
2 842 1
2 843 1
2 844 1
2 845 1
2 846 1
2 847 1
2 848 1
2 849 1
2 850 1
2 851 1
2 852 1
2 853 1
2 854 1
2 855 1
3 856 1
4 853 1
5 848 1
6 857 1
7 858 1
8 859 1
9 860 1
10 861 1
10 862 1
10 863 1
10 864 1
10 865 1
10 866 1
10 867 1
10 868 1
11 860 1
12 869 1
12 870 1
12 871 1
13 871 1
14 871 1
15 872 1
16 873 1
17 874 1
17 875 1
17 876 1
17 877 1
17 878 1
18 879 1
19 880 1
20 880 1
21 881 1
21 882 1
22 883 1
23 884 1
24 885 1
25 885 1
26 886 1
27 887 1
28 888 1
29 889 1
30 890 1
31 891 1
32 892 1
33 837 1
33 839 1
34 893 1
35 892 1
36 894 1
37 895 1
37 896 1
37 894 1
37 897 1
37 898 1
37 899 1
37 900 1
37 901 1
38 902 1
39 851 1
40 903 1
40 904 1
41 905 1
41 904 1
42 859 1
43 906 1
44 907 1
45 908 1
45 909 1
46 910 1
46 911 1
47 912 1
48 913 1
48 853 1
49 914 1
50 915 1
51 916 1
51 917 1
51 918 1
51 919 1
51 920 1
51 921 1
52 922 1
53 923 1
54 924 1
54 925 1
54 926 1
54 923 1
55 908 1
56 927 1
56 928 1
56 929 1
56 930 1
56 931 1
56 932 1
56 863 1
56 933 1
56 934 1
56 935 1
56 936 1
56 937 1
56 938 1
56 939 1
57 879 1
57 933 1
57 937 1
58 879 1
58 937 1
59 939 1
60 940 1
61 941 1
62 942 1
62 943 1
62 944 1
62 945 1
62 946 1
62 893 1
63 947 1
64 948 1
65 949 1
66 865 1
67 841 1
67 844 1
67 845 1
67 849 1
68 950 1
69 864 1
70 864 1
71 902 1
72 951 1
73 857 1
73 872 1
74 952 1
74 951 1
74 953 1
74 954 1
74 919 1
74 920 1
74 939 1
75 955 1
76 924 1
77 927 1
77 956 1
78 957 1
78 958 1
79 959 1
79 960 1
79 961 1
79 962 1
79 963 1
79 964 1
80 907 1
81 868 1
82 965 1
82 868 1
82 886 1
83 966 1
84 967 1
85 968 1
86 969 1
87 970 1
87 971 1
87 972 1
87 973 1
88 955 1
88 974 1
88 975 1
88 976 1
88 977 1
88 978 1
88 904 1
88 901 1
89 979 1
89 975 1
89 977 1
90 849 1
91 875 1
92 980 1
93 832 1
94 981 1
95 924 1
96 921 1
97 857 1
97 872 1
98 982 1
99 983 1
100 984 1
101 984 1
101 899 1
102 985 1
103 986 1
104 987 1
104 988 1
105 989 1
106 990 1
106 887 1
106 986 1
107 991 1
108 992 1
108 993 1
108 994 1
108 995 1
108 996 1
108 997 1
109 994 1
110 998 1
111 998 1
112 999 1
112 1000 1
112 919 1
112 1001 1
113 909 1
114 857 1
114 924 1
115 1002 1
115 1003 1
115 1004 1
115 1005 1
115 1006 1
115 1007 1
115 1008 1
115 1009 1
115 1010 1
116 917 1
117 1011 1
117 1012 1
118 1013 1
119 1013 1
119 1014 1
120 1015 1
121 894 1
122 1016 1
123 1017 1
124 1018 1
125 1019 1
126 1020 1
127 1021 1
128 1022 1
128 1023 1
128 1024 1
128 1025 1
128 939 1
128 1026 1
129 1022 1
129 1027 1
129 1028 1
129 1029 1
129 1015 1
130 865 1
131 1030 1
131 1018 1
131 1031 1
131 1032 1
132 1011 1
133 1033 1
134 1033 1
135 1034 1
136 1035 1
137 1036 1
138 1037 1
139 867 1
140 987 1
141 1038 1
142 1039 1
143 959 1
144 1040 1
145 891 1
145 981 1
146 1041 1
146 1042 1
146 1043 1
146 891 1
146 981 1
146 1044 1
146 1045 1
146 1046 1
147 1047 1
148 1048 1
149 982 1
150 1016 1
151 1001 1
152 1049 1
152 1018 1
152 968 1
153 1050 1
154 868 1
155 1051 1
155 1052 1
155 1053 1
155 1028 1
155 1029 1
156 885 1
157 981 1
158 1054 1
159 930 1
159 1036 1
159 1055 1
159 1056 1
159 1057 1
159 1058 1
159 1059 1
160 1036 1
161 976 1
162 1060 1
162 868 1
163 915 1
164 1061 1
165 940 1
166 945 1
167 1062 1
167 868 1
168 1063 1
169 1064 1
170 990 1
171 931 1
171 1065 1
172 1066 1
173 1067 1
174 1051 1
174 1052 1
174 1068 1
174 1069 1
175 1057 1
176 980 1
177 885 1
178 872 1
179 1070 1
180 994 1
181 1071 1
182 1044 1
183 1072 1
184 1061 1
184 901 1
185 872 1
186 851 1
187 1045 1
188 1073 1
189 1074 1
190 1075 1
190 1076 1
190 955 1
190 1077 1
190 1078 1
190 1079 1
191 886 1
192 1080 1
193 1081 1
194 1082 1
195 889 1
196 889 1
197 1083 1
198 1041 1
199 1084 1
199 1085 1
200 901 1
201 1086 1
202 1074 1
202 1047 1
202 969 1
203 1087 1
204 1088 1
205 927 1
206 1054 1
207 1089 1
208 984 1
209 1090 1
210 1054 1
211 843 1
212 1067 1
213 1091 1
214 1092 1
214 856 1
214 1093 1
214 1094 1
214 1095 1
214 1067 1
214 1096 1
215 1097 1
216 1093 1
216 1097 1
216 1096 1
217 1098 1
218 1099 1
219 982 1
219 1099 1
219 1100 1
220 948 1
220 1101 1
220 1102 1
220 1103 1
220 1104 1
220 1105 1
220 1106 1
220 1107 1
220 1108 1
220 1109 1
220 1110 1
220 1111 1
220 1112 1
220 1113 1
220 1114 1
220 1115 1
220 1116 1
221 1117 1
221 910 1
221 1118 1
221 1119 1
222 1120 1
223 835 1
224 868 1
225 861 1
225 1121 1
225 868 1
226 1122 1
227 1123 1
228 1124 1
229 1125 1
230 1054 1
231 1126 1
232 1126 1
233 945 1
234 926 1
235 926 1
236 1127 1
237 1128 1
238 1129 1
239 907 1
240 1130 1
241 1131 1
242 1132 1
242 967 1
242 1133 1
242 1134 1
242 1113 1
243 1002 1
243 1135 1
244 984 1
244 904 1
245 1136 1
245 1137 1
245 1138 1
246 941 1
247 1139 1
247 1061 1
248 1140 1
249 1033 1
249 1141 1
250 872 1
251 1127 1
252 1054 1
253 1142 1
253 1143 1
254 1100 1
255 967 1
256 990 1
257 1144 1
258 1145 1
259 1146 1
260 981 1
261 1147 1
262 943 1
263 1148 1
264 1092 1
264 1111 1
265 1149 1
266 1150 1
267 1151 1
267 1152 1
268 1153 1
269 975 1
269 1069 1
270 1035 1
271 1154 1
272 876 1
273 1155 1
274 875 1
275 940 1
276 1054 1
277 1156 1
277 1125 1
277 1157 1
277 1158 1
277 1159 1
277 1160 1
277 876 1
278 924 1
279 995 1
280 1161 1
281 892 1
282 862 1
283 1162 1
283 1080 1
284 930 1
284 1058 1
285 865 1
286 853 1
287 853 1
288 1163 1
289 865 1
290 1054 1
291 1164 1
291 1163 1
291 1165 1
291 1166 1
291 906 1
291 875 1
291 1167 1
292 1168 1
293 1169 1
294 1077 1
294 1086 1
295 1004 1
296 1170 1
297 1170 1
297 936 1
298 1170 1
299 859 1
299 906 1
300 855 1
301 1084 1
302 879 1
303 933 1
303 936 1
303 937 1
304 907 1
304 1143 1
304 1171 1
304 852 1
305 1142 1
305 843 1
306 872 1
307 1010 1
308 1172 1
309 846 1
310 1173 1
311 990 1
312 1174 1
313 998 1
313 1175 1
314 1172 1
315 1176 1
315 1177 1
316 900 1
317 1046 1
318 1122 1
319 911 1
320 840 1
321 1130 1
322 1161 1
323 1178 1
324 1129 1
325 1179 1
326 896 1
326 894 1
327 1098 1
328 898 1
329 1077 1
330 965 1
331 1087 1
331 868 1
332 868 1
333 1180 1
333 1181 1
333 946 1
333 1182 1
334 1070 1
334 1151 1
335 869 1
335 980 1
336 869 1
336 1183 1
336 1151 1
336 1184 1
336 1185 1
336 1186 1
336 875 1
336 1187 1
336 833 1
337 896 1
338 843 1
338 854 1
339 990 1
340 990 1
341 1188 1
342 1189 1
343 1129 1
343 940 1
343 1190 1
343 868 1
344 1191 1
344 1192 1
344 1144 1
344 1193 1
344 1194 1
345 1195 1
345 1196 1
345 1169 1
345 1197 1
346 924 1
347 881 1
348 897 1
349 1119 1
350 1198 1
351 1199 1
351 958 1
351 1150 1
351 1200 1
352 1201 1
352 1131 1
352 1202 1
353 1203 1
354 1204 1
354 1205 1
355 991 1
356 908 1
356 1016 1
356 1206 1
356 843 1
356 909 1
356 852 1
356 1207 1
356 1208 1
356 991 1
356 1209 1
356 1035 1
357 1095 1
357 1210 1
358 1046 1
359 1108 1
360 853 1
361 843 1
361 848 1
362 1049 1
362 944 1
362 1148 1
363 890 1
363 1211 1
363 938 1
364 981 1
365 872 1
365 1212 1
366 865 1
367 1080 1
368 916 1
369 1040 1
370 1213 1
370 1040 1
370 1214 1
371 1215 1
371 1216 1
372 1130 1
373 1217 1
374 862 1
375 1111 1
376 889 1
377 917 1
378 1092 1
379 1218 1
380 1219 1
381 1220 1
381 915 1
381 987 1
381 1221 1
381 1222 1
381 1223 1
382 1220 1
383 1221 1
384 912 1
384 983 1
384 1172 1
384 1098 1
384 1091 1
384 1182 1
385 1201 1
386 990 1
387 1065 1
388 1224 1
389 1010 1
390 1225 1
391 1035 1
392 1106 1
392 1226 1
392 1227 1
393 1226 1
394 1228 1
395 1229 1
396 1230 1
396 922 1
396 1231 1
396 1017 1
396 939 1
397 982 1
397 1232 1
397 1017 1
397 1161 1
398 967 1
398 1133 1
399 1061 1
400 875 1
400 1233 1
401 853 1
402 1234 1
403 1235 1
404 1236 1
404 1237 1
404 1018 1
404 884 1
404 998 1
404 880 1
404 1238 1
404 902 1
404 1234 1
404 1235 1
405 1239 1
405 884 1
405 998 1
405 1240 1
406 1147 1
406 1018 1
406 949 1
407 880 1
408 982 1
409 924 1
410 1241 1
410 1198 1
410 1103 1
410 1242 1
411 1243 1
411 1244 1
411 1245 1
412 933 1
412 935 1
413 924 1
413 1047 1
413 1246 1
413 1247 1
413 1212 1
413 1248 1
414 1249 1
414 1217 1
414 1168 1
414 1250 1
414 1178 1
414 1149 1
414 1251 1
415 1236 1
415 1237 1
416 1119 1
417 890 1
418 908 1
418 1016 1
419 873 1
420 1252 1
420 1253 1
421 1254 1
422 1254 1
423 1254 1
424 910 1
424 876 1
425 872 1
425 924 1
425 1255 1
425 1256 1
425 1257 1
425 1258 1
425 1047 1
425 888 1
425 1259 1
425 1246 1
425 925 1
425 1064 1
425 1260 1
425 939 1
425 1248 1
425 1261 1
425 1146 1
425 923 1
426 1227 1
427 1123 1
428 1262 1
429 1263 1
430 1264 1
431 1086 1
432 862 1
433 909 1
434 1265 1
435 1266 1
435 868 1
436 990 1
437 1234 1
437 1235 1
438 916 1
439 1092 1
439 843 1
439 1261 1
440 1010 1
441 1262 1
441 1014 1
442 1267 1
443 1054 1
444 907 1
445 907 1
446 907 1
447 923 1
448 1070 1
449 924 1
449 850 1
450 1268 1
451 943 1
452 1269 1
452 946 1
452 1270 1
453 1271 1
454 1271 1
454 1219 1
455 1271 1
456 896 1
457 1010 1
458 1272 1
459 906 1
460 1242 1
461 1217 1
462 891 1
463 891 1
464 891 1
465 1080 1
466 883 1
466 1138 1
466 1071 1
467 858 1
468 941 1
469 1091 1
470 1078 1
470 873 1
471 851 1
472 1018 1
472 1273 1
472 1274 1
473 982 1
474 1275 1
474 1276 1
474 1218 1
474 1277 1
474 1278 1
474 1279 1
474 1048 1
474 1280 1
474 946 1
475 843 1
476 1239 1
476 1234 1
477 982 1
478 1072 1
479 990 1
480 859 1
481 1217 1
481 1091 1
482 1264 1
483 1168 1
484 982 1
485 1281 1
486 858 1
487 982 1
488 1276 1
489 1019 1
490 1282 1
490 1261 1
491 1280 1
492 1280 1
493 879 1
494 1041 1
495 842 1
496 941 1
497 1283 1
497 1284 1
497 857 1
497 1285 1
497 872 1
497 924 1
497 1212 1
497 1039 1
497 1116 1
498 843 1
499 848 1
500 1286 1
501 1287 1
502 1288 1
502 1289 1
502 1290 1
502 1287 1
502 1286 1
503 1173 1
504 944 1
505 945 1
506 915 1
507 1185 1
508 1211 1
509 1190 1
510 1274 1
511 919 1
511 1001 1
512 1291 1
512 1292 1
512 1050 1
513 1293 1
513 1294 1
514 1213 1
514 1295 1
514 1296 1
514 1297 1
514 1298 1
514 874 1
514 875 1
514 877 1
514 878 1
514 1299 1
514 1149 1
515 1300 1
515 1301 1
515 954 1
515 1128 1
516 1264 1
517 926 1
518 1200 1
519 1190 1
520 865 1
521 1302 1
522 984 1
523 901 1
524 1124 1
524 1298 1
525 890 1
526 1035 1
527 890 1
528 855 1
529 1199 1
530 1271 1
531 1303 1
531 1023 1
531 1024 1
531 1230 1
531 1304 1
531 1231 1
531 1025 1
531 939 1
531 1026 1
531 1305 1
532 1306 1
532 1307 1
533 1027 1
533 1290 1
533 1025 1
533 1308 1
533 1189 1
533 939 1
534 1309 1
535 1310 1
536 1033 1
536 1311 1
536 882 1
536 1037 1
536 876 1
537 1043 1
538 1126 1
539 909 1
540 1312 1
541 1043 1
542 907 1
543 1313 1
543 1113 1
543 1314 1
544 865 1
545 865 1
546 1041 1
547 1125 1
548 1315 1
549 1316 1
549 860 1
549 881 1
549 1315 1
549 950 1
549 1265 1
549 889 1
550 920 1
551 1281 1
552 1074 1
553 1048 1
554 1031 1
555 1222 1
556 871 1
557 858 1
558 1199 1
559 1119 1
560 1147 1
561 1317 1
561 1318 1
562 982 1
563 843 1
563 1309 1
564 1309 1
565 1101 1
566 872 1
567 1319 1
567 911 1
567 1224 1
568 864 1
568 866 1
569 879 1
570 870 1
571 896 1
572 1289 1
572 1290 1
572 1308 1
572 1320 1
572 1321 1
572 1189 1
572 939 1
573 1270 1
574 1288 1
575 1267 1
576 1035 1
577 1020 1
577 1088 1
577 1272 1
577 1296 1
577 1267 1
578 852 1
579 1071 1
580 889 1
581 1322 1
582 864 1
583 1323 1
584 1254 1
584 948 1
584 1203 1
585 1075 1
586 1208 1
587 855 1
588 1056 1
589 1016 1
590 1016 1
591 1005 1
592 1324 1
592 1081 1
592 1082 1
592 1325 1
592 1326 1
592 1180 1
592 1181 1
592 1327 1
592 1182 1
593 995 1
594 1173 1
595 857 1
596 1328 1
597 1067 1
598 1045 1
599 1264 1
600 1329 1
600 1136 1
600 1073 1
600 1330 1
601 1267 1
602 1002 1
603 848 1
604 943 1
605 1266 1
606 872 1
607 885 1
608 842 1
609 951 1
610 1018 1
611 1125 1
612 1122 1
613 888 1
613 1309 1
613 1248 1
614 926 1
615 1123 1
616 981 1
617 1119 1
618 1091 1
619 1086 1
620 848 1
621 965 1
622 1331 1
623 1119 1
624 1332 1
625 967 1
626 1065 1
627 1333 1
628 1208 1
629 1035 1
630 1016 1
631 916 1
632 911 1
633 1003 1
633 1006 1
634 1006 1
634 1120 1
635 1334 1
636 953 1
636 892 1
636 1335 1
637 924 1
637 1132 1
638 886 1
639 916 1
640 1074 1
641 936 1
642 1336 1
642 1337 1
642 1334 1
642 1263 1
642 1173 1
643 1242 1
644 912 1
645 1223 1
646 1242 1
647 857 1
648 858 1
649 1331 1
649 923 1
650 1137 1
651 916 1
652 1121 1
652 1003 1
653 1100 1
654 1161 1
655 1242 1
656 1282 1
657 908 1
658 1063 1
659 1122 1
659 1271 1
659 1063 1
659 970 1
659 971 1
659 972 1
659 910 1
659 973 1
659 1338 1
660 835 1
661 843 1
662 1339 1
662 941 1
663 1340 1
663 1229 1
663 1341 1
664 1342 1
664 1187 1
665 843 1
666 1309 1
666 1109 1
667 1316 1
668 1016 1
669 1016 1
670 1065 1
671 1175 1
672 990 1
673 990 1
674 1118 1
675 914 1
676 1145 1
676 1225 1
677 907 1
678 1091 1
679 929 1
680 1343 1
680 1344 1
680 985 1
680 1083 1
681 1145 1
681 1343 1
681 1344 1
681 1126 1
681 1138 1
682 1145 1
683 899 1
684 926 1
685 1345 1
686 1103 1
686 1242 1
686 1345 1
687 1271 1
688 1271 1
689 873 1
690 1346 1
690 852 1
690 1177 1
690 1347 1
690 1012 1
690 1348 1
690 989 1
691 1204 1
692 1324 1
692 1349 1
693 928 1
694 831 1
695 924 1
695 1350 1
695 1246 1
695 1089 1
695 1205 1
695 1247 1
695 969 1
695 1351 1
695 939 1
695 1352 1
695 1253 1
696 1191 1
696 1353 1
696 1310 1
696 1354 1
696 1337 1
696 1193 1
696 1194 1
696 1355 1
696 1356 1
697 881 1
698 982 1
699 982 1
700 1062 1
701 926 1
702 1357 1
702 1310 1
703 1194 1
704 1234 1
705 1358 1
706 1359 1
707 1021 1
708 1359 1
709 997 1
710 840 1
711 889 1
712 1219 1
713 955 1
714 870 1
715 1360 1
715 888 1
715 1246 1
715 1361 1
715 1319 1
715 914 1
715 969 1
715 947 1
715 1362 1
715 939 1
715 1248 1
715 1261 1
716 834 1
717 1149 1
718 1323 1
719 1139 1
719 1264 1
719 941 1
720 1264 1
721 1139 1
722 998 1
723 1359 1
723 1363 1
723 1107 1
724 1273 1
725 1116 1
726 982 1
727 1209 1
728 1150 1
729 948 1
729 1092 1
729 966 1
729 1106 1
729 1364 1
729 996 1
729 1261 1
729 1090 1
730 1086 1
731 1208 1
731 1209 1
732 1207 1
733 1144 1
734 1050 1
735 1129 1
736 858 1
736 1072 1
736 980 1
736 1123 1
736 1185 1
736 1228 1
737 1130 1
738 1032 1
739 1162 1
739 1245 1
740 1140 1
740 1080 1
740 1245 1
741 926 1
742 1119 1
743 939 1
744 1344 1
744 1138 1
745 1343 1
746 985 1
746 1083 1
746 1138 1
747 869 1
748 982 1
749 1056 1
750 1153 1
751 1100 1
752 1313 1
753 943 1
754 1142 1
755 1199 1
756 830 1
757 1161 1
758 1365 1
758 1366 1
759 984 1
760 892 1
761 915 1
762 1144 1
763 906 1
763 1367 1
763 885 1
763 1174 1
764 1346 1
764 1332 1
764 1225 1
765 1297 1
766 1178 1
767 959 1
767 960 1
767 1323 1
767 961 1
767 963 1
767 964 1
768 848 1
769 1214 1
770 916 1
771 1171 1
772 911 1
773 840 1
774 1289 1
774 939 1
775 1368 1
775 939 1
776 887 1
776 939 1
777 939 1
778 1369 1
778 939 1
779 881 1
779 1268 1
780 1091 1
781 853 1
782 843 1
783 1316 1
783 860 1
784 1227 1
785 882 1
786 986 1
787 933 1
788 1088 1
788 1002 1
788 1296 1
788 1370 1
788 1281 1
789 1370 1
790 1077 1
791 1077 1
792 1028 1
793 1207 1
793 1208 1
794 1207 1
795 872 1
796 879 1
797 1365 1
797 1197 1
797 1366 1
797 1216 1
797 897 1
797 900 1
797 901 1
798 1018 1
799 1371 1
800 1338 1
801 1364 1
802 943 1
803 857 1
804 1046 1
805 1344 1
806 851 1
807 945 1
808 1033 1
809 1176 1
809 1155 1
809 989 1
810 1155 1
811 1064 1
811 1095 1
811 1372 1
811 939 1
811 1373 1
812 1163 1
812 941 1
812 875 1
812 1374 1
813 1202 1
814 995 1
815 1340 1
815 1342 1
815 1358 1
815 1375 1
815 1137 1
815 1318 1
815 1302 1
815 1354 1
815 1229 1
815 962 1
815 1188 1
815 1014 1
815 876 1
815 1376 1
815 1377 1
815 1181 1
815 1378 1
815 1328 1
815 1379 1
815 1380 1
815 1233 1
815 1341 1
815 989 1
815 1244 1
815 1085 1
816 982 1
817 1080 1
818 1303 1
818 1322 1
818 1019 1
819 1330 1
820 848 1
821 1153 1
821 1348 1
822 941 1
823 1056 1
824 1000 1
825 1228 1
826 1129 1
827 1094 1
828 1127 1
829 1100 1
