914 1912
913 1 1
913 2 1
913 3 1
913 4 1
913 5 1
913 6 1
913 7 1
913 8 1
913 9 1
913 10 1
913 11 1
913 12 1
913 13 1
913 14 1
913 15 1
913 16 1
913 17 1
913 18 1
913 19 1
913 20 1
913 21 1
913 22 1
913 23 1
913 24 1
913 25 1
913 26 1
913 27 1
913 28 1
913 29 1
913 30 1
913 31 1
913 32 1
913 33 1
913 34 1
913 35 1
913 36 1
913 37 1
913 38 1
913 39 1
913 40 1
913 41 1
913 42 1
913 43 1
913 44 1
913 45 1
913 46 1
913 47 1
913 48 1
913 49 1
913 50 1
913 51 1
913 52 1
913 53 1
913 54 1
913 55 1
913 56 1
913 57 1
913 58 1
913 59 1
913 60 1
913 61 1
913 62 1
913 63 1
913 64 1
65 914 1
66 914 1
67 914 1
68 914 1
69 914 1
70 914 1
71 914 1
72 914 1
73 914 1
74 914 1
75 914 1
76 914 1
77 914 1
78 914 1
79 914 1
80 914 1
81 914 1
82 914 1
83 914 1
84 914 1
85 914 1
86 914 1
87 914 1
88 914 1
89 914 1
90 914 1
91 914 1
92 914 1
93 914 1
94 914 1
95 914 1
96 914 1
97 914 1
98 914 1
99 914 1
100 914 1
101 914 1
102 914 1
103 914 1
104 914 1
105 914 1
106 914 1
107 914 1
108 914 1
109 914 1
110 914 1
111 914 1
112 914 1
113 914 1
114 914 1
115 914 1
116 914 1
117 914 1
118 914 1
119 914 1
120 914 1
121 914 1
122 914 1
123 914 1
124 914 1
125 914 1
126 914 1
127 914 1
128 914 1
129 914 1
130 914 1
131 914 1
132 914 1
133 914 1
134 914 1
135 914 1
136 914 1
137 914 1
138 914 1
139 914 1
140 914 1
141 914 1
142 914 1
143 914 1
144 914 1
145 914 1
146 914 1
147 914 1
148 914 1
149 914 1
150 914 1
151 914 1
152 914 1
153 914 1
154 914 1
155 914 1
156 914 1
157 914 1
158 914 1
159 914 1
160 914 1
161 914 1
162 914 1
163 914 1
164 914 1
165 914 1
166 914 1
167 914 1
168 914 1
169 914 1
170 914 1
171 914 1
172 914 1
173 914 1
174 914 1
175 914 1
176 914 1
177 914 1
178 914 1
179 914 1
180 914 1
181 914 1
182 914 1
183 914 1
184 914 1
185 914 1
186 914 1
187 914 1
188 914 1
189 914 1
190 914 1
191 914 1
192 914 1
193 914 1
194 914 1
195 914 1
196 914 1
197 914 1
198 914 1
199 914 1
200 914 1
201 914 1
202 914 1
203 914 1
204 914 1
205 914 1
206 914 1
207 914 1
208 914 1
209 914 1
210 914 1
211 914 1
212 914 1
213 914 1
214 914 1
215 914 1
216 914 1
217 914 1
218 914 1
219 914 1
220 914 1
221 914 1
222 914 1
223 914 1
224 914 1
225 914 1
226 914 1
227 914 1
228 914 1
229 914 1
230 914 1
231 914 1
232 914 1
233 914 1
234 914 1
235 914 1
236 914 1
237 914 1
238 914 1
239 914 1
240 914 1
241 914 1
242 914 1
243 914 1
244 914 1
245 914 1
246 914 1
247 914 1
248 914 1
249 914 1
250 914 1
251 914 1
252 914 1
253 914 1
254 914 1
255 914 1
256 914 1
257 914 1
258 914 1
259 914 1
260 914 1
261 914 1
262 914 1
263 914 1
264 914 1
265 914 1
266 914 1
267 914 1
268 914 1
269 914 1
270 914 1
271 914 1
272 914 1
273 914 1
274 914 1
275 914 1
276 914 1
277 914 1
278 914 1
279 914 1
280 914 1
281 914 1
282 914 1
283 914 1
284 914 1
285 914 1
286 914 1
287 914 1
288 914 1
289 914 1
290 914 1
291 914 1
292 914 1
293 914 1
294 914 1
295 914 1
296 914 1
297 914 1
298 914 1
299 914 1
300 914 1
301 914 1
302 914 1
303 914 1
304 914 1
305 914 1
306 914 1
307 914 1
308 914 1
309 914 1
310 914 1
311 914 1
312 914 1
313 914 1
314 914 1
315 914 1
316 914 1
317 914 1
318 914 1
319 914 1
320 914 1
321 914 1
322 914 1
323 914 1
324 914 1
325 914 1
326 914 1
327 914 1
328 914 1
329 914 1
330 914 1
331 914 1
332 914 1
333 914 1
334 914 1
335 914 1
336 914 1
337 914 1
338 914 1
339 914 1
340 914 1
341 914 1
342 914 1
343 914 1
344 914 1
345 914 1
346 914 1
347 914 1
348 914 1
349 914 1
350 914 1
351 914 1
352 914 1
353 914 1
354 914 1
355 914 1
356 914 1
357 914 1
358 914 1
359 914 1
360 914 1
361 914 1
362 914 1
363 914 1
364 914 1
365 914 1
366 914 1
367 914 1
368 914 1
369 914 1
370 914 1
371 914 1
372 914 1
373 914 1
374 914 1
375 914 1
376 914 1
377 914 1
378 914 1
379 914 1
380 914 1
381 914 1
382 914 1
383 914 1
384 914 1
385 914 1
386 914 1
387 914 1
388 914 1
389 914 1
390 914 1
391 914 1
392 914 1
393 914 1
394 914 1
395 914 1
396 914 1
397 914 1
398 914 1
399 914 1
400 914 1
401 914 1
402 914 1
403 914 1
404 914 1
405 914 1
406 914 1
407 914 1
408 914 1
409 914 1
410 914 1
411 914 1
412 914 1
413 914 1
414 914 1
415 914 1
416 914 1
417 914 1
418 914 1
419 914 1
420 914 1
421 914 1
422 914 1
423 914 1
424 914 1
425 914 1
426 914 1
427 914 1
428 914 1
429 914 1
430 914 1
431 914 1
432 914 1
433 914 1
434 914 1
435 914 1
436 914 1
437 914 1
438 914 1
439 914 1
440 914 1
441 914 1
442 914 1
443 914 1
444 914 1
445 914 1
446 914 1
447 914 1
448 914 1
449 914 1
450 914 1
451 914 1
452 914 1
453 914 1
454 914 1
455 914 1
456 914 1
457 914 1
458 914 1
459 914 1
460 914 1
461 914 1
462 914 1
463 914 1
464 914 1
465 914 1
466 914 1
467 914 1
468 914 1
469 914 1
470 914 1
471 914 1
472 914 1
473 914 1
474 914 1
475 914 1
476 914 1
477 914 1
478 914 1
479 914 1
480 914 1
481 914 1
482 914 1
483 914 1
484 914 1
485 914 1
486 914 1
487 914 1
488 914 1
489 914 1
490 914 1
491 914 1
492 914 1
493 914 1
494 914 1
495 914 1
496 914 1
497 914 1
498 914 1
499 914 1
500 914 1
501 914 1
502 914 1
503 914 1
504 914 1
505 914 1
506 914 1
507 914 1
508 914 1
509 914 1
510 914 1
511 914 1
512 914 1
513 914 1
514 914 1
515 914 1
516 914 1
517 914 1
518 914 1
519 914 1
520 914 1
521 914 1
522 914 1
523 914 1
524 914 1
525 914 1
526 914 1
527 914 1
528 914 1
529 914 1
530 914 1
531 914 1
532 914 1
533 914 1
534 914 1
535 914 1
536 914 1
537 914 1
538 914 1
539 914 1
540 914 1
541 914 1
542 914 1
543 914 1
544 914 1
545 914 1
546 914 1
547 914 1
548 914 1
549 914 1
550 914 1
551 914 1
552 914 1
553 914 1
554 914 1
555 914 1
556 914 1
557 914 1
558 914 1
559 914 1
560 914 1
561 914 1
562 914 1
563 914 1
564 914 1
565 914 1
566 914 1
567 914 1
568 914 1
569 914 1
570 914 1
571 914 1
572 914 1
573 914 1
574 914 1
575 914 1
576 914 1
577 914 1
578 914 1
579 914 1
580 914 1
581 914 1
582 914 1
583 914 1
584 914 1
585 914 1
586 914 1
587 914 1
588 914 1
589 914 1
590 914 1
591 914 1
592 914 1
593 914 1
594 914 1
595 914 1
596 914 1
597 914 1
598 914 1
599 914 1
600 914 1
601 914 1
602 914 1
603 914 1
604 914 1
605 914 1
606 914 1
607 914 1
608 914 1
609 914 1
610 914 1
611 914 1
612 914 1
613 914 1
614 914 1
615 914 1
616 914 1
617 914 1
618 914 1
619 914 1
620 914 1
621 914 1
622 914 1
623 914 1
624 914 1
625 914 1
626 914 1
627 914 1
628 914 1
629 914 1
630 914 1
631 914 1
632 914 1
633 914 1
634 914 1
635 914 1
636 914 1
637 914 1
638 914 1
639 914 1
640 914 1
641 914 1
642 914 1
643 914 1
644 914 1
645 914 1
646 914 1
647 914 1
648 914 1
649 914 1
650 914 1
651 914 1
652 914 1
653 914 1
654 914 1
655 914 1
656 914 1
657 914 1
658 914 1
659 914 1
660 914 1
661 914 1
662 914 1
663 914 1
664 914 1
665 914 1
666 914 1
667 914 1
668 914 1
669 914 1
670 914 1
671 914 1
672 914 1
673 914 1
674 914 1
675 914 1
676 914 1
677 914 1
678 914 1
679 914 1
680 914 1
681 914 1
682 914 1
683 914 1
684 914 1
685 914 1
686 914 1
687 914 1
688 914 1
689 914 1
690 914 1
691 914 1
692 914 1
693 914 1
694 914 1
695 914 1
696 914 1
697 914 1
698 914 1
699 914 1
700 914 1
701 914 1
702 914 1
703 914 1
704 914 1
705 914 1
706 914 1
707 914 1
708 914 1
709 914 1
710 914 1
711 914 1
712 914 1
713 914 1
714 914 1
715 914 1
716 914 1
717 914 1
718 914 1
719 914 1
720 914 1
721 914 1
722 914 1
723 914 1
724 914 1
725 914 1
726 914 1
727 914 1
728 914 1
729 914 1
730 914 1
731 914 1
732 914 1
733 914 1
734 914 1
735 914 1
736 914 1
737 914 1
738 914 1
739 914 1
740 914 1
741 914 1
742 914 1
743 914 1
744 914 1
745 914 1
746 914 1
747 914 1
748 914 1
749 914 1
750 914 1
751 914 1
752 914 1
753 914 1
754 914 1
755 914 1
756 914 1
757 914 1
758 914 1
759 914 1
760 914 1
761 914 1
762 914 1
763 914 1
764 914 1
765 914 1
766 914 1
767 914 1
768 914 1
769 914 1
770 914 1
771 914 1
772 914 1
773 914 1
774 914 1
775 914 1
776 914 1
777 914 1
778 914 1
779 914 1
780 914 1
781 914 1
782 914 1
783 914 1
784 914 1
785 914 1
786 914 1
787 914 1
788 914 1
789 914 1
790 914 1
791 914 1
792 914 1
793 914 1
794 914 1
795 914 1
796 914 1
797 914 1
798 914 1
799 914 1
800 914 1
801 914 1
802 914 1
803 914 1
804 914 1
805 914 1
806 914 1
807 914 1
808 914 1
809 914 1
810 914 1
811 914 1
812 914 1
813 914 1
814 914 1
815 914 1
816 914 1
817 914 1
818 914 1
819 914 1
820 914 1
821 914 1
822 914 1
823 914 1
824 914 1
825 914 1
826 914 1
827 914 1
828 914 1
829 914 1
830 914 1
831 914 1
832 914 1
833 914 1
834 914 1
835 914 1
836 914 1
837 914 1
838 914 1
839 914 1
840 914 1
841 914 1
842 914 1
843 914 1
844 914 1
845 914 1
846 914 1
847 914 1
848 914 1
849 914 1
850 914 1
851 914 1
852 914 1
853 914 1
854 914 1
855 914 1
856 914 1
857 914 1
858 914 1
859 914 1
860 914 1
861 914 1
862 914 1
863 914 1
864 914 1
865 914 1
866 914 1
867 914 1
868 914 1
869 914 1
870 914 1
871 914 1
872 914 1
873 914 1
874 914 1
875 914 1
876 914 1
877 914 1
878 914 1
879 914 1
880 914 1
881 914 1
882 914 1
883 914 1
884 914 1
885 914 1
886 914 1
887 914 1
888 914 1
889 914 1
890 914 1
891 914 1
892 914 1
893 914 1
894 914 1
895 914 1
896 914 1
897 914 1
898 914 1
899 914 1
900 914 1
901 914 1
902 914 1
903 914 1
904 914 1
905 914 1
906 914 1
907 914 1
908 914 1
909 914 1
910 914 1
911 914 1
912 914 1
1 65 1
1 66 1
1 67 1
1 68 1
1 69 1
1 70 1
1 71 1
1 72 1
1 73 1
1 74 1
1 75 1
1 76 1
1 77 1
1 78 1
1 79 1
1 80 1
1 81 1
1 82 1
1 83 1
1 84 1
2 85 1
2 86 1
2 87 1
3 85 1
3 88 1
4 89 1
4 90 1
4 91 1
4 92 1
4 93 1
4 94 1
4 95 1
4 96 1
4 97 1
4 98 1
4 99 1
4 100 1
4 101 1
4 102 1
4 103 1
4 104 1
4 105 1
4 106 1
4 107 1
4 108 1
4 109 1
4 110 1
4 111 1
4 112 1
4 113 1
4 114 1
4 115 1
4 116 1
4 117 1
4 118 1
4 119 1
4 120 1
4 121 1
4 122 1
4 123 1
4 124 1
4 125 1
4 126 1
4 127 1
4 128 1
4 129 1
4 130 1
4 131 1
4 132 1
4 133 1
4 134 1
4 135 1
4 136 1
4 137 1
4 138 1
4 139 1
4 140 1
4 141 1
4 142 1
4 143 1
4 144 1
5 89 1
5 91 1
5 98 1
5 99 1
5 101 1
5 145 1
6 89 1
6 146 1
6 92 1
6 93 1
6 147 1
6 94 1
6 95 1
6 98 1
6 99 1
6 100 1
6 101 1
6 102 1
6 105 1
6 106 1
6 107 1
6 148 1
6 109 1
6 111 1
6 112 1
6 113 1
6 114 1
6 116 1
6 149 1
6 150 1
6 151 1
6 152 1
6 153 1
6 154 1
6 121 1
6 155 1
6 156 1
6 157 1
6 158 1
6 159 1
6 132 1
6 133 1
6 142 1
6 160 1
6 161 1
6 162 1
7 90 1
7 97 1
7 163 1
7 164 1
7 108 1
7 116 1
7 165 1
8 166 1
8 167 1
8 168 1
8 169 1
8 170 1
8 171 1
8 172 1
8 173 1
8 174 1
8 175 1
8 176 1
8 177 1
8 178 1
8 179 1
8 180 1
8 181 1
8 182 1
9 166 1
9 168 1
9 170 1
9 172 1
9 183 1
9 173 1
9 175 1
9 176 1
9 184 1
9 177 1
9 185 1
9 186 1
9 178 1
9 187 1
9 188 1
9 189 1
9 190 1
9 182 1
9 191 1
10 192 1
11 193 1
11 194 1
11 195 1
11 196 1
11 197 1
11 198 1
11 199 1
11 200 1
11 201 1
11 202 1
11 203 1
12 204 1
13 204 1
13 205 1
13 206 1
14 204 1
15 207 1
15 208 1
15 209 1
15 210 1
15 211 1
15 212 1
15 213 1
15 214 1
15 215 1
15 216 1
15 217 1
15 218 1
15 219 1
15 220 1
15 221 1
15 222 1
15 223 1
15 224 1
15 225 1
15 226 1
15 227 1
15 228 1
15 229 1
15 230 1
15 231 1
15 232 1
15 233 1
15 234 1
15 235 1
15 236 1
15 237 1
15 238 1
15 239 1
15 240 1
15 241 1
15 242 1
15 243 1
16 207 1
16 208 1
16 210 1
16 211 1
16 212 1
16 214 1
16 215 1
16 218 1
16 221 1
16 224 1
16 225 1
16 227 1
16 244 1
16 245 1
16 246 1
16 247 1
16 248 1
17 207 1
17 208 1
17 211 1
17 212 1
17 249 1
17 250 1
17 251 1
17 252 1
17 253 1
17 254 1
17 255 1
17 256 1
17 257 1
17 258 1
17 259 1
17 260 1
17 261 1
17 262 1
17 263 1
17 264 1
17 265 1
17 266 1
17 267 1
17 268 1
17 269 1
17 270 1
17 271 1
17 272 1
17 273 1
17 274 1
17 275 1
17 276 1
17 277 1
17 278 1
17 279 1
17 280 1
17 281 1
17 282 1
17 283 1
17 284 1
18 285 1
18 286 1
18 287 1
18 288 1
18 289 1
18 290 1
18 291 1
18 292 1
18 293 1
18 294 1
18 295 1
18 296 1
18 297 1
18 298 1
18 299 1
18 300 1
19 301 1
19 302 1
19 303 1
19 304 1
20 301 1
20 305 1
20 306 1
20 307 1
20 308 1
20 309 1
20 310 1
21 301 1
22 301 1
22 311 1
22 312 1
22 313 1
22 314 1
22 315 1
22 316 1
22 317 1
22 318 1
22 319 1
22 320 1
22 321 1
22 322 1
22 323 1
22 324 1
22 325 1
22 326 1
22 327 1
22 328 1
22 329 1
22 330 1
22 331 1
22 332 1
22 333 1
22 334 1
22 335 1
22 336 1
22 337 1
22 338 1
22 339 1
23 340 1
23 341 1
23 342 1
24 340 1
24 343 1
24 344 1
24 345 1
24 346 1
24 347 1
24 348 1
24 349 1
24 350 1
24 351 1
24 352 1
24 353 1
24 354 1
24 355 1
25 356 1
25 357 1
25 358 1
25 359 1
25 360 1
25 361 1
25 362 1
25 363 1
25 364 1
26 356 1
26 365 1
26 357 1
26 366 1
26 367 1
26 368 1
26 369 1
26 370 1
26 371 1
26 372 1
27 356 1
27 373 1
27 374 1
27 357 1
27 358 1
27 375 1
27 376 1
27 377 1
27 378 1
27 379 1
27 380 1
27 381 1
27 382 1
27 383 1
27 384 1
27 385 1
27 386 1
28 387 1
28 194 1
28 388 1
28 389 1
28 390 1
28 391 1
28 392 1
28 393 1
28 394 1
28 395 1
28 396 1
28 397 1
28 398 1
28 399 1
28 400 1
28 401 1
28 402 1
28 403 1
29 404 1
30 405 1
30 406 1
30 407 1
30 408 1
30 409 1
30 410 1
30 411 1
30 412 1
30 413 1
30 414 1
30 415 1
30 416 1
30 417 1
30 418 1
30 419 1
30 420 1
30 421 1
30 422 1
30 423 1
30 424 1
30 425 1
31 405 1
31 426 1
31 427 1
31 407 1
31 410 1
31 411 1
31 428 1
32 429 1
32 430 1
32 431 1
32 432 1
32 433 1
32 434 1
32 435 1
32 436 1
32 437 1
32 438 1
32 439 1
32 440 1
33 429 1
33 441 1
33 442 1
33 443 1
33 444 1
33 445 1
33 446 1
33 447 1
33 434 1
33 436 1
33 448 1
33 449 1
34 450 1
34 451 1
35 452 1
35 453 1
35 454 1
35 455 1
35 456 1
35 457 1
35 458 1
35 459 1
35 460 1
35 461 1
35 462 1
35 463 1
36 452 1
36 464 1
36 465 1
36 466 1
36 467 1
36 468 1
36 469 1
36 470 1
36 471 1
36 472 1
36 473 1
36 474 1
36 475 1
36 476 1
36 477 1
36 478 1
36 479 1
36 480 1
36 481 1
36 482 1
36 483 1
36 484 1
36 485 1
36 486 1
36 487 1
36 488 1
36 489 1
36 490 1
36 491 1
36 492 1
36 493 1
36 494 1
36 495 1
36 496 1
36 497 1
36 498 1
36 499 1
36 500 1
36 501 1
36 502 1
36 503 1
36 504 1
36 505 1
36 506 1
36 507 1
36 508 1
36 509 1
36 510 1
36 511 1
36 512 1
36 513 1
36 514 1
36 515 1
36 516 1
36 517 1
36 518 1
36 519 1
36 520 1
36 521 1
36 522 1
36 523 1
36 524 1
36 525 1
36 526 1
36 527 1
36 528 1
36 529 1
36 530 1
36 531 1
36 532 1
37 533 1
37 534 1
37 535 1
37 536 1
37 537 1
37 538 1
37 539 1
37 540 1
37 541 1
37 542 1
37 543 1
37 544 1
37 545 1
37 546 1
37 547 1
37 548 1
37 549 1
37 550 1
37 551 1
37 552 1
37 553 1
37 554 1
37 555 1
37 556 1
37 557 1
37 558 1
37 559 1
37 560 1
37 561 1
37 562 1
37 563 1
37 564 1
37 565 1
37 566 1
37 567 1
37 568 1
37 569 1
37 570 1
37 571 1
37 572 1
37 573 1
37 574 1
37 575 1
37 576 1
37 577 1
37 578 1
38 579 1
38 580 1
38 581 1
39 582 1
39 583 1
39 343 1
39 584 1
39 585 1
39 586 1
39 587 1
39 344 1
39 588 1
39 589 1
39 590 1
39 591 1
39 592 1
39 593 1
39 594 1
39 595 1
39 596 1
39 597 1
39 598 1
39 599 1
39 600 1
39 153 1
39 601 1
40 602 1
40 603 1
40 604 1
40 605 1
40 606 1
40 607 1
40 608 1
40 609 1
40 610 1
40 611 1
40 612 1
40 613 1
40 614 1
41 602 1
42 615 1
42 616 1
43 615 1
43 617 1
43 618 1
43 619 1
43 620 1
43 621 1
43 622 1
43 616 1
43 623 1
43 624 1
43 625 1
43 626 1
43 627 1
43 628 1
43 629 1
43 630 1
43 631 1
43 632 1
43 633 1
43 634 1
43 635 1
43 636 1
43 637 1
43 638 1
43 639 1
43 640 1
43 641 1
43 642 1
43 643 1
43 644 1
44 615 1
44 617 1
44 645 1
44 646 1
44 621 1
44 647 1
44 648 1
44 634 1
44 642 1
44 649 1
45 650 1
45 651 1
45 652 1
45 653 1
46 654 1
46 655 1
46 656 1
46 657 1
46 658 1
46 659 1
47 660 1
47 661 1
47 662 1
47 663 1
47 664 1
47 665 1
47 666 1
47 667 1
47 668 1
47 669 1
47 670 1
47 671 1
47 527 1
48 660 1
48 661 1
48 662 1
48 672 1
48 663 1
48 673 1
48 674 1
48 665 1
48 666 1
48 675 1
48 667 1
48 676 1
48 677 1
48 668 1
48 670 1
48 671 1
48 678 1
48 679 1
49 660 1
49 680 1
49 661 1
49 662 1
49 681 1
49 682 1
49 683 1
49 684 1
49 685 1
49 663 1
49 665 1
49 666 1
49 667 1
49 686 1
49 687 1
49 669 1
49 670 1
49 688 1
49 689 1
50 660 1
50 690 1
50 691 1
50 692 1
50 672 1
50 684 1
50 693 1
50 674 1
50 694 1
50 695 1
50 696 1
50 697 1
50 698 1
50 699 1
50 700 1
50 701 1
50 702 1
50 703 1
51 704 1
51 705 1
51 706 1
51 707 1
51 708 1
52 704 1
52 709 1
52 710 1
52 711 1
52 712 1
52 713 1
52 714 1
52 715 1
52 716 1
52 321 1
52 717 1
52 322 1
52 718 1
52 323 1
52 719 1
52 720 1
52 325 1
52 721 1
52 722 1
52 706 1
52 723 1
52 707 1
52 724 1
52 364 1
52 725 1
52 726 1
52 727 1
52 728 1
52 334 1
52 729 1
52 730 1
52 731 1
52 732 1
52 733 1
52 734 1
52 735 1
52 736 1
52 737 1
52 738 1
53 705 1
53 739 1
53 740 1
53 709 1
53 710 1
53 711 1
53 741 1
53 742 1
53 743 1
53 744 1
53 745 1
53 714 1
53 746 1
53 747 1
53 748 1
53 749 1
53 750 1
53 751 1
53 752 1
53 753 1
53 754 1
53 755 1
53 756 1
53 757 1
53 758 1
53 759 1
53 760 1
53 761 1
53 762 1
53 763 1
53 764 1
53 765 1
53 766 1
53 767 1
54 768 1
54 769 1
54 770 1
54 771 1
54 772 1
54 773 1
54 774 1
54 775 1
54 776 1
54 777 1
54 778 1
54 779 1
54 780 1
54 781 1
54 782 1
54 783 1
54 784 1
54 785 1
54 786 1
54 787 1
54 788 1
54 789 1
54 790 1
54 791 1
54 792 1
54 793 1
54 794 1
54 795 1
55 768 1
55 796 1
55 797 1
55 798 1
55 777 1
55 799 1
55 800 1
55 801 1
55 802 1
55 803 1
55 786 1
55 804 1
55 641 1
55 805 1
56 806 1
56 807 1
56 808 1
56 809 1
56 810 1
56 811 1
56 812 1
56 813 1
56 814 1
56 815 1
56 816 1
56 817 1
56 818 1
56 819 1
56 820 1
56 821 1
56 822 1
56 823 1
56 824 1
56 825 1
56 826 1
57 806 1
57 807 1
57 808 1
57 827 1
57 811 1
57 828 1
57 814 1
57 815 1
57 817 1
57 829 1
57 830 1
57 831 1
57 832 1
57 833 1
57 834 1
57 835 1
58 836 1
58 837 1
58 838 1
58 839 1
58 840 1
58 841 1
58 842 1
58 843 1
58 844 1
58 845 1
58 846 1
58 847 1
58 848 1
58 849 1
59 305 1
59 850 1
59 851 1
59 852 1
59 853 1
59 854 1
59 855 1
59 856 1
59 857 1
59 858 1
59 859 1
59 860 1
59 861 1
59 862 1
59 863 1
59 864 1
59 865 1
59 866 1
59 867 1
59 868 1
59 869 1
59 870 1
59 871 1
59 872 1
59 873 1
59 874 1
59 875 1
59 876 1
59 877 1
59 878 1
59 879 1
59 880 1
59 881 1
59 882 1
59 883 1
59 884 1
59 885 1
60 305 1
60 856 1
60 859 1
60 860 1
60 886 1
60 887 1
60 871 1
61 888 1
61 889 1
61 890 1
61 891 1
61 892 1
61 893 1
61 894 1
62 888 1
62 895 1
62 889 1
62 890 1
62 891 1
62 892 1
62 896 1
62 897 1
62 893 1
62 898 1
62 899 1
62 900 1
62 901 1
62 902 1
62 903 1
62 904 1
62 905 1
63 769 1
64 906 1
64 907 1
64 908 1
64 909 1
64 910 1
64 911 1
64 912 1
