
Connnected Components are :
524 
580 
633 
634 
648 
653 
658 
660 
670 
675 
684 
691 
703 
711 
731 
732 
744 
746 
750 
755 
772 
773 
788 
790 
798 
802 
808 
846 
858 
863 
875 
879 
901 
941 
943 
944 
979 
982 
992 
995 
1003 258 22 11 5 0 6 2 3 4 13 10 20 21 17 18 14 12 7 8 9 44 16 15 45 46 28 23 24 25 26 27 29 30 31 32 33 34 35 37 38 40 39 48 36 75 76 47 41 42 19 61 52 128 51 64 57 54 55 56 58 59 63 62 68 69 81 80 82 53 65 86 67 66 90 91 89 88 96 83 49 50 71 70 84 73 74 85 142 100 92 105 60 95 93 108 109 366 107 77 79 115 87 106 72 163 121 110 375 112 357 143 133 113 114 116 118 117 160 127 166 124 97 98 99 125 101 102 192 132 131 126 137 138 211 129 139 140 164 170 123 122 150 103 104 155 147 145 144 212 152 153 249 141 161 264 213 182 157 149 148 180 156 179 181 162 169 136 135 165 151 251 172 167 168 183 146 177 94 120 218 196 197 198 201 199 174 158 159 209 154 173 134 340 215 187 184 188 189 190 282 191 178 176 214 206 231 232 204 200 275 226 221 222 223 220 377 228 253 237 233 210 234 235 236 238 194 193 195 208 281 252 175 665 254 186 256 224 309 248 259 260 297 311 225 301 171 245 263 280 270 419 255 283 230 333 119 229 338 318 361 339 336 337 367 261 411 243 242 240 241 440 266 246 247 358 43 324 441 362 303 269 216 272 271 273 322 334 335 428 409 244 420 278 257 284 277 342 294 290 291 346 345 343 207 820 205 498 265 267 359 332 406 374 293 360 371 185 323 300 268 295 288 217 404 353 354 434 306 326 327 325 400 509 299 287 298 473 355 329 286 285 302 304 369 405 314 307 347 262 344 349 320 250 321 351 296 363 495 424 308 376 368 379 316 341 389 385 380 381 387 388 390 391 393 378 397 394 486 292 426 276 401 425 457 399 450 413 458 493 403 526 407 466 421 430 504 494 305 408 412 481 373 372 431 427 370 414 443 417 423 438 330 455 437 531 445 310 317 312 841 719 395 557 581 497 482 331 328 460 467 418 480 356 410 474 422 518 490 459 453 491 892 828 546 352 350 533 435 461 429 446 447 448 484 515 552 520 635 812 685 647 698 738 809 465 707 566 451 365 489 528 644 929 579 592 274 549 508 582 671 471 607 519 786 537 613 619 756 597 596 695 971 859 815 880 949 511 541 641 651 506 452 487 488 496 529 499 500 502 661 510 492 612 726 747 513 507 615 521 554 535 777 538 530 723 551 663 679 733 553 598 766 823 565 674 569 570 602 616 700 525 573 856 560 313 810 922 847 444 464 483 556 727 851 907 593 572 563 522 523 601 536 886 706 585 600 588 392 813 544 534 542 543 478 442 485 976 981 925 469 477 652 817 932 963 926 927 930 669 783 654 562 568 840 921 845 699 720 608 754 555 765 912 913 950 951 666 957 956 933 953 822 908 776 917 918 974 1000 970 936 865 931 599 694 610 664 836 939 903 527 547 919 833 778 800 627 678 710 896 638 564 748 952 540 791 623 202 924 558 649 462 463 545 503 672 826 803 1001 832 587 793 548 589 550 667 872 806 991 690 799 818 906 681 760 909 891 717 759 559 577 621 954 476 730 811 632 686 914 470 655 753 816 860 900 978 980 590 895 725 433 898 516 743 517 662 789 714 705 611 938 947 869 629 905 396 673 741 814 456 889 989 855 713 958 962 969 416 728 885 887 945 825 923 708 618 617 640 937 768 432 779 955 620 829 843 567 797 737 735 883 721 279 736 920 642 696 745 835 645 692 539 348 824 839 454 650 689 734 512 364 591 999 990 877 935 838 742 501 821 844 614 219 837 111 514 942 643 415 852 866 740 751 758 878 609 996 715 624 697 716 763 902 
831 
853 
761 
961 
960 
959 
659 
985 
904 
948 
668 
928 
636 
899 
834 
704 
626 
657 
794 
861 
871 
584 
787 
890 
792 
631 
637 
622 
830 
827 
998 
910 
712 
994 
868 
857 
882 
842 
881 
769 
850 
915 
916 
603 
449 
795 
897 
983 
578 
966 
677 
722 
757 
752 
780 
693 
997 
774 
888 
884 
475 
984 
894 
781 
595 
398 
382 
934 
911 
867 
988 
986 
864 
784 
807 
968 
1002 
782 
848 
946 
739 
606 
436 
964 
479 
574 
870 
874 
873 
940 
854 
239 
977 
319 
965 
749 
771 
972 
967 
718 
604 
646 
532 
819 
676 
993 
625 
571 
762 
767 
628 
383 
386 
384 
575 
605 
656 
975 
973 
893 
849 
876 
639 
630 
702 
439 
724 
472 
796 
770 
709 
687 
315 
764 
805 
785 
576 
594 
801 
682 
203 
505 
729 
688 
775 
862 
701 
561 
78 
680 
227 
683 
586 
987 
583 
804 
130 
289 
1 
402 
468 
1004 
Time taken: 129
