
Connnected Components are :
5586 
7383 
7385 
7388 
8903 
9212 
9213 
9350 
9352 
9354 
9364 
9351 
9366 
9367 
9371 
9466 
9691 
9693 
9694 
9845 
9847 
9854 
9856 
9888 
9927 
10005 
10007 
10008 
9692 
9926 
9925 
10009 
10035 
10036 
10112 
10113 
10114 
10115 
10160 
10161 
10162 
10453 
10285 
10454 
10455 
10460 
10461 
10462 
10463 
10464 
10529 
10530 
10536 
10537 
10597 
10606 
10607 
10608 
10648 
10653 
10874 
1252 348 106 25 3 0 1184 328 99 713 198 65 21 1660 519 144 10 2672 938 261 90 26 2631 927 255 91 2288 766 213 76 19 1 1511 453 130 46 12 4583 2278 753 206 3775 1596 489 121 38 8 1581 483 253 8158 7013 5148 2781 983 272 89 2463 846 240 80 17 930 2532 870 251 428 124 1525 464 132 955 264 280 92 175 61 2407 838 236 3135 1199 335 96 1107 305 94 1755 133 639 176 62 945 262 1414 411 123 1295 360 113 23 4589 2281 842 841 920 256 1348 390 109 4338 385 669 184 60 1758 563 157 39 3602 1487 445 120 1110 3537 1448 427 1939 631 171 58 20 831 238 2650 1204 709 496 137 1117 299 2917 1086 292 88 77 697 187 73 295 446 603 166 717 170 675 189 1231 346 158 958 126 6844 4829 2477 855 242 87 1073 286 93 632 3109 1186 331 610 167 154 54 358 112 458 131 569 285 7859 6469 4343 2044 674 867 354 1890 611 1827 567 851 1324 381 119 304 180 633 1984 650 886 649 617 410 506 141 985 776 220 75 683 2144 706 195 4378 2066 684 192 1586 487 637 277 1425 421 963 267 859 248 3504 1410 423 6299 4100 1840 590 165 486 3917 1706 545 150 3604 6405 4254 1987 543 8905 8190 7067 5175 2789 1003 275 1021 244 904 254 3552 1453 1463 430 128 864 1192 5894 3651 1513 2416 3773 1592 3653 1516 1305 356 714 1428 424 798 229 83 1942 7129 5288 1070 289 273 1121 314 101 7075 5204 2833 1052 270 2809 1025 3181 1228 2393 830 317 1808 580 4655 2336 794 227 3426 1375 409 827 2996 1123 4837 429 1928 628 447 1382 3043 1157 315 556 5225 2855 1057 2197 722 2715 2118 696 463 2475 781 856 1925 620 168 473 125 575 162 260 621 568 601 1372 408 84 1893 605 792 223 630 1334 387 5911 1614 507 7989 6748 4679 2340 1768 562 3086 1164 475 239 1235 3433 1381 4530 2210 727 200 1188 2771 992 791 1607 498 1172 318 1030 265 1357 405 2403 2504 862 1202 935 2006 660 181 474 476 4765 2415 837 281 1194 790 1197 397 115 1026 576 433 1563 4564 2261 754 1285 355 1675 531 148 774 218 1396 413 6992 5132 2774 2792 1008 844 934 2387 1720 547 1565 3226 1243 347 596 3001 1116 14 4249 1978 3665 1867 528 147 897 252 4752 2751 984 1409 1834 586 2078 688 1661 526 825 237 480 1715 7172 5376 2851 1054 516 4152 1909 5800 3536 1446 5642 3356 5468 4097 1851 591 8589 7707 6230 4046 1655 7174 5693 661 2810 1989 654 29 1756 1781 504 1625 515 1219 345 1154 1153 2062 2902 1072 524 1400 1764 3903 1697 536 2196 1223 2361 822 3126 1198 136 2552 889 595 4355 2452 850 952 1145 316 2001 4729 3006 1373 1180 1378 892 768 3122 3859 5276 2914 2327 7529 6549 4420 5836 3581 1551 647 2531 2695 1997 657 728 7541 5960 3742 1585 5732 3436 1374 1214 344 823 2145 1504 1765 896 3413 1663 704 1642 510 3761 1561 1847 1842 946 967 268 2741 977 2082 5998 3767 1591 1955 638 1112 308 5010 2641 932 911 1140 1379 4657 2331 832 1269 231 2381 891 7438 5805 3630 1495 1503 750 81 1579 190 835 4465 1794 577 2738 829 1745 558 2079 3697 1542 4201 3826 2727 968 2523 3901 1691 535 6543 4426 2120 4586 5978 3757 1590 4992 2624 912 3714 1555 467 2870 263 448 2409 5406 3084 1166 2726 6657 4538 2220 729 2518 129 375 118 987 615 3986 1757 3196 1234 1294 3141 1201 5962 5980 2005 1971 901 871 97 2797 1019 266 3635 6126 3918 1711 485 1791 890 1401 3988 4289 2007 671 2943 1102 301 1391 412 1430 2681 6225 4038 1785 1291 6734 4664 2342 4108 1856 2130 703 4516 2206 723 8179 4611 2296 761 493 961 1128 826 1835 2234 744 207 2734 971 7678 6180 3968 1746 4395 2094 685 1656 5871 3636 5432 6102 3881 1664 691 234 2891 1076 3863 6256 4066 1814 581 194 2291 4903 3534 1454 8089 6892 4930 9486 9035 6586 4485 2162 7102 5231 2865 1058 3351 1717 1165 527 1051 1597 6356 5947 3734 1572 2736 2527 866 4095 1766 922 1236 4248 1687 533 2692 3445 1380 5127 2773 9105 8535 7627 6105 3888 1683 3927 1712 2721 2909 1080 1332 1388 2897 1079 811 235 2819 1031 2080 2239 642 716 2791 2461 2203 1313 369 468 2620 1082 597 1546 10303 10183 10041 9863 7360 5662 3373 1359 1528 1859 8517 7601 1820 582 2246 748 4150 1905 692 1364 407 666 8977 8303 7228 5502 3179 1229 1361 10841 10836 10827 10812 10790 10766 10739 10719 10701 10679 10635 10579 10508 10429 5909 3678 1537 1017 1151 2843 1053 1850 1811 4864 2494 853 1595 3399 2250 2492 5184 2815 7682 6193 5497 3170 1224 4969 2605 916 1937 4324 2024 8385 7405 3764 1744 3615 1493 4570 2264 758 8154 3705 1552 1461 4261 1993 9080 8488 7565 8778 7236 5517 3197 6567 4448 2127 699 893 495 1168 1274 2085 3485 3247 1289 2026 2017 668 484 3357 1349 570 1782 2390 2306 9153 8617 7743 6293 4101 1643 2356 820 2675 6309 4111 3471 1393 1472 438 2178 2103 693 349 3892 1024 2071 678 2537 9346 8861 8124 6961 5065 2706 956 698 3616 1494 2326 7742 3565 1458 721 1311 972 1805 3153 2574 5968 2836 2489 857 3021 1143 849 4328 2039 1421 1130 3740 5705 3410 1377 5224 3925 1713 5612 3318 1931 2254 4627 2298 788 2785 2227 604 5466 9456 9002 8262 7164 5352 3015 4094 2195 1887 2166 3330 1330 386 2379 760 1750 2853 2660 1658 954 5690 3377 4947 2516 2236 1071 2040 2191 2011 648 1158 924 4830 2479 858 8057 6842 4822 3810 1622 1665 1122 2899 1535 1841 1799 3363 6459 4331 2045 676 6440 4299 2021 7461 5854 3607 2854 3900 2319 789 3382 1363 2980 2966 1113 1543 8835 9951 9722 9400 8920 5903 3571 1464 2135 4385 2083 5772 5038 2570 1300 6222 4004 1540 2116 3009 1135 4352 2209 9161 8618 7750 6294 4189 2757 7483 5884 3645 2775 990 1652 2922 1092 4955 2597 906 3402 1367 2022 2280 3156 1774 566 2710 2437 847 3289 1308 550 153 3088 4416 2117 719 2995 5385 3065 1169 664 183 4244 1974 645 1415 10361 10271 10140 9966 9734 9421 1677 4475 2520 5386 3650 5973 3752 1589 2286 765 1601 1111 4489 5519 3609 1489 7182 5403 3078 1339 2343 1786 1356 565 1611 2448 1500 7039 5172 2812 2389 6849 5515 3193 3879 5238 2877 1061 287 2314 3230 1263 352 2138 4711 5161 2796 1015 4270 8199 7083 5215 2863 3222 1255 1760 1354 1105 3265 3334 4373 2077 4874 2515 10632 10577 6696 4593 2283 3315 3470 9860 7669 6161 3941 1719 5147 5329 3130 1193 2052 9302 8802 8030 6826 4784 2430 7705 6234 4049 5686 3392 1370 4382 4868 2506 1203 343 1171 931 2940 2496 3919 3479 1392 5442 4709 2370 9589 9167 8634 7794 6346 3958 1732 2181 2268 762 2683 1958 1322 1314 3698 1544 6519 4401 2102 2324 6533 4412 3612 6300 4107 3093 1177 327 5785 3500 6664 4555 2363 5272 2913 9054 8456 7514 6323 4127 1883 1903 1333 8256 7161 5335 2999 1159 923 2273 763 941 3875 2517 3557 1456 1109 3140 3311 3983 1752 3908 1698 2579 6043 5285 2953 2485 1826 1450 2313 2830 1050 2460 2986 9224 8695 7885 6532 4398 2099 3208 1245 5425 3101 1588 3503 2025 1682 7722 6255 5683 3391 5546 3236 1281 4020 1772 7689 6207 4000 1763 4731 3245 2435 4993 3957 1727 549 10312 10203 10066 5089 9882 9583 9160 8624 7775 6329 4128 3066 2056 2535 3229 2497 2763 3970 6139 7131 5292 2928 1094 300 2119 8558 7672 6169 3947 9012 8369 7369 5673 3380 8295 7212 3443 1384 5858 9699 9370 9209 8676 7874 2993 4394 2096 1670 2041 4575 2265 989 512 116 2804 3943 4205 1945 6950 3530 1444 3342 7023 5349 3000 5569 5624 6041 1747 1633 3556 3564 1459 2067 10587 10518 7230 5499 3173 2315 9134 7521 5831 3578 185 30 2655 3047 4854 2856 4949 2584 902 1639 1048 1556 6656 9180 5920 3687 1538 3121 3132 3820 1630 4435 2128 2912 4126 9628 9264 8728 7932 7190 1739 3476 9250 7849 7908 6590 4492 4699 2367 2364 127 1762 2124 8821 8978 6945 2709 3880 7909 9707 9380 8885 8159 9216 8690 7888 6535 8014 6798 10511 6147 1522 5728 3494 3936 2450 4148 5209 2840 1696 2027 3317 1347 1241 2034 673 9459 9004 8349 7335 5632 6451 4312 2023 8956 8267 8496 7585 6040 7439 6084 3857 1904 2309 3418 3689 1529 1619 5008 2634 928 5598 3299 1318 2421 840 1807 4364 2744 6968 5074 5783 3491 9875 3913 6560 4439 2131 4067 9642 9287 8766 7957 6691 4592 2282 2587 5055 702 7692 2795 9391 8901 8178 7044 2729 9417 4610 3702 1549 8069 6869 4862 3355 1536 571 2107 5181 6284 4294 4526 4019 1837 10649 10578 10815 10846 7666 6162 5639 8707 7898 8415 7451 5832 4691 2359 4779 2424 5779 3487 10418 10359 10269 10137 9959 9721 10574 10507 10593 10521 10443 10377 10272 9701 9374 8875 8151 7007 5142 2787 1927 1849 10520 4521 9774 9511 9071 8484 7567 6861 2915 3052 3384 1368 6286 7643 6131 7595 6053 3832 4356 3453 1387 4144 2985 6484 4362 7474 5879 3637 8717 7922 6633 4499 2183 4184 1932 574 3403 3679 2931 2084 2904 1465 4716 5081 3336 5622 3473 1966 5750 3465 10700 4275 2002 2662 3376 3396 3680 2357 2412 2353 6542 4417 2346 1881 592 2245 3063 4121 1884 1319 2977 5520 3204 3300 6206 7625 6108 4013 2351 816 5860 3738 3890 3605 5116 2756 7173 7171 5364 3030 1141 3406 4740 2400 839 7200 5437 7374 5682 6811 5807 1657 705 5128 4386 2639 4157 1913 3949 7524 5921 7553 7554 6114 3379 8168 7027 7354 5651 3360 3346 5804 3542 6883 4909 7085 9834 9572 9155 8621 7752 7309 10292 10170 10025 10368 10280 10145 9976 9756 9455 10754 10733 10715 10835 7836 6425 4276 2004 2637 1564 10327 10220 9114 8546 8642 7808 6382 4536 2218 3048 3455 1386 10498 10425 8465 7530 6001 3769 2035 6375 4197 1943 2057 1605 472 1246 10178 10038 9849 9594 9181 9444 8975 8296 8704 5503 3217 1242 3729 5630 5284 3344 1200 4552 3626 6937 5026 1787 4149 5310 2963 3813 1626 3106 1185 1306 5754 3468 3627 5062 5295 7255 5549 9905 9661 9314 8823 5044 2680 1258 1517 4620 9316 8826 10503 10426 10655 5897 3656 1512 4375 10554 10481 10396 10326 10760 10736 10717 10703 10681 10650 7038 5459 3128 3710 1553 2043 10489 10403 10340 10231 10075 9895 9646 9295 10458 2143 2292 8204 7089 5206 2835 3285 5487 3161 4817 2458 5270 4384 5187 2816 7036 5207 7629 6112 6876 4865 5527 10372 10281 10119 9936 9700 10796 10773 10742 10721 10705 9965 9733 6165 4956 2602 807 7929 6648 4525 3144 2559 2716 10480 10392 10321 10199 10063 9881 10011 9803 9539 9102 8530 7611 6388 4222 4286 2019 4048 10142 9974 1558 4524 2898 1218 6661 4546 4867 6934 5014 9151 8616 9620 9235 8701 9476 9022 8388 7408 5744 1327 5377 3054 7066 5191 8604 7731 6271 4085 1839 4681 5341 5915 3676 5234 2871 8192 7068 5197 2823 3302 4402 7772 6326 9323 9463 9003 10446 10379 10298 10173 10022 7650 6134 3924 7254 9467 9013 8375 8064 8218 7106 5236 2901 1018 2543 868 2417 6690 5631 5066 4794 2438 3441 3115 3566 2653 4237 1963 1033 2649 3806 5029 5314 3352 3912 9076 9682 9344 8856 8120 3298 6142 8031 6829 4804 3780 2098 7148 7884 8035 6834 4811 4223 2769 4026 5453 4139 7499 5900 9586 9163 8625 8457 7510 5908 3675 8945 8260 10081 8813 8052 8326 8849 8106 9319 8829 8083 6884 6070 3850 8996 8342 3070 5615 4173 1929 3910 2790 1742 3574 5791 3611 8225 7111 5240 2882 1065 3421 4166 3878 4438 3841 1646 4626 6886 4920 2548 882 1292 4660 7008 6921 4888 2522 8033 6830 4800 4122 2383 3926 4239 4834 2483 9543 9108 8482 7902 6562 5255 8523 7607 6088 4329 3264 1293 4138 3558 6914 4964 2600 6257 6953 7050 7117 5254 9401 8916 8196 7433 7100 1718 2859 3225 4960 3572 8247 3570 5297 2942 3281 7452 10661 10619 10557 10483 10397 6723 2182 2419 5469 3133 8973 8292 7203 5444 6847 4826 2462 4682 2968 1101 4648 2244 4473 5713 7149 7855 6450 6272 4086 2674 3253 1440 426 2348 2257 3796 4675 3905 2779 7956 8331 7282 5593 7791 6344 4147 3824 5173 6015 9363 9062 8466 9415 9094 8774 10569 10500 10244 5166 2793 6679 4580 2944 8834 10043 9861 2965 3995 5811 5881 5882 4064 9839 9590 7128 6042 4354 4977 2613 4005 2949 8586 7703 6227 4034 7113 10749 10730 10704 10555 10479 10491 10369 10021 9828 7180 10726 10710 10236 10083 9898 9655 5408 3087 10245 5383 3064 5556 3251 6231 8545 9149 8611 9636 9276 8745 7949 6579 4479 2159 708 5320 7078 5205 4838 7903 5789 3497 5926 3690 5509 3174 2510 865 10242 5928 3684 7807 9020 8382 7401 9478 9635 9207 8673 7866 6486 9714 9396 8911 8198 9381 8888 8164 7021 5152 6625 4505 2192 1736 3618 6378 4199 3743 2293 8299 7222 5478 3146 9884 9633 9267 8734 7937 9996 9753 9451 10788 10761 10473 10387 10314 9720 9901 10598 10532 10456 10147 9986 9768 10020 10056 9867 9614 9783 9490 8185 7637 6122 3916 2633 6821 7864 7195 5428 5769 3484 4037 5539 8685 5424 10445 10378 10436 7880 6515 7256 5091 8863 8138 6983 5107 7624 6104 9404 8925 8228 10306 10189 10047 9865 10128 7883 6482 4363 7042 6974 5092 7409 5747 3464 9299 3220 4569 3378 1518 8401 7428 5782 8868 6426 6265 4082 2490 3368 1353 3400 8897 8169 2753 5972 3750 4212 1948 6453 756 2323 6039 2661 3055 3215 9489 10673 10628 6202 2691 4246 6017 7154 5242 2876 3555 1455 6607 4496 7062 5189 8098 6909 7534 5946 3727 6609 5057 2687 5111 2752 8791 8020 6814 4759 3375 3291 3529 6077 7738 4065 2486 8500 7587 8657 7837 8843 107 5644 5446 7035 7325 5627 4585 745 2536 5299 7494 5015 5617 7508 2886 1068 9025 8392 7410 7733 9670 10141 9964 10315 10201 10068 9877 8362 7359 8332 8953 10111 9924 9892 9639 9282 8752 8865 9602 9191 8660 7843 6432 4462 7211 10776 10746 10724 7599 7687 6194 6836 4807 2541 8265 8489 10349 10057 10344 6148 8143 6998 10857 10829 9263 8718 9857 10474 10030 5355 3013 10208 10069 10566 10496 10417 10690 10662 10385 9832 9569 9150 10855 10797 9402 9718 9440 8972 10239 9425 8952 4687 3624 1499 4751 6891 4923 2546 5635 9652 7995 8021 6817 9039 8441 7502 8490 9547 7019 5150 9131 8573 7690 6208 4057 1845 8928 8231 7118 9677 9331 10176 9097 8520 7602 6075 7605 10745 10723 10774 10514 10404 10318 9603 8308 9168 7349 8686 6097 4156 4506 6516 9288 7858 6466 4344 7343 7400 7413 5755 10671 10626 10590 10798 10753 10252 10110 9922 6794 9960 9732 9418 8948 8261 9214 8988 8327 8900 9322 8833 9215 10079 9893 10234 10078 10334 10223 10042 9869 9619 10045 9864 7968 6716 6415 5058 2690 7040 9910 10226 10073 9894 10151 10238 9304 9622 9420 9758 10163 5109 9824 9554 9118 8557 7676 6171 3953 3815 7216 5472 6008 3782 5570 3274 1299 2151 4980 2618 2619 5216 4120 8564 7681 6178 3962 1740 1685 2316 6885 4910 8951 8787 8013 8224 5577 3278 3411 2262 4988 2626 925 8511 8093 4425 3134 8751 9908 9666 10837 9684 9800 9531 9092 9175 8649 7819 6395 4232 4708 5282 7620 6101 7699 7727 9228 8699 7900 9599 9187 8647 7817 6392 4226 2238 9077 8669 10153 7440 5806 8338 7299 7606 7549 7403 7667 9152 8938 9311 9797 9521 5865 6297 4093 4855 9318 8004 6787 6362 4161 1919 2425 4202 3989 7472 7338 5637 10839 7206 5450 3120 7796 10540 10471 9798 9528 9083 8492 7573 8850 8663 7850 6445 4313 7097 10563 9629 4488 2165 4318 4353 4957 5940 9525 6204 9164 10466 10383 10310 10195 10059 10599 10533 8735 7940 6687 4588 5976 5984 9055 8459 7522 5922 8874 9659 9468 9018 1317 1443 9844 5727 10848 10103 9912 10613 10556 10484 10654 6775 4713 3125 2073 8137 7095 9186 9565 10840 5201 4403 2093 8585 7698 9567 9144 3858 2828 1042 3999 7830 6413 6319 6458 9001 8959 8268 4245 6145 7966 6707 5298 8773 6694 8577 6848 7732 9110 8537 8275 8908 9605 9200 10118 10842 9952 8954 8264 9538 9100 8516 10785 10756 10365 10273 8641 7805 7365 9962 9309 8815 9026 10465 9573 9457 10696 10674 8494 4720 3763 4495 4494 4869 10680 10642 5188 5410 6253 4060 7249 5540 5696 6374 8567 7685 6200 3997 3562 5075 6372 4192 1938 5850 3606 4962 2603 8007 8373 9053 4606 10051 9866 9608 10345 10546 10580 5402 3477 8729 5447 5135 4946 2580 2560 1775 5079 3139 7114 4140 4695 8491 8574 6822 4852 5192 4484 7199 5427 5006 4190 5145 2960 8764 10186 9541 6175 8443 7493 9011 9983 10351 8587 10294 10780 2927 2533 2557 3692 2906 8743 7947 10082 9896 8742 5999 5032 3837 9950 10623 5706 7589 7803 7427 8671 9129 8572 3638 1604 5770 7955 9382 8892 8709 8666 7827 6406 8320 7248 5534 3223 5768 5798 6035 7429 8989 8854 10820 7918 9698 8790 9674 9329 8837 10060 10849 5955 6988 5130 6120 7015 5440 7192 5416 3256 4587 5861 7608 6636 10026 9837 8166 7974 6722 7240 8694 7892 6536 7246 8860 6338 6603 6581 6785 7266 8705 9379 10757 6643 4522 7784 6341 8061 6850 7948 6681 9940 9709 7556 5977 6474 9387 8896 4959 6912 5528 3386 6540 4670 10588 6801 4739 9166 10553 3652 3338 8514 9300 6444 4303 7000 8461 8363 6926 5742 6986 9946 10663 2860 4568 4137 5981 5247 8056 6852 4831 2482 5963 3748 10149 9987 9771 10039 2811 2111 10019 6190 3987 4194 5423 8085 6890 4928 8619 9066 8474 7551 4591 8771 10381 3639 4407 3314 4777 8125 4746 2406 10067 9356 9202 8670 9280 9432 5398 7223 8536 7724 6276 10810 10784 7270 5580 7002 6845 10706 10714 7098 4728 6823 4780 2500 786 4658 3282 5824 5935 6452 4744 5505 3191 4984 5510 10586 10517 10434 6908 9702 9378 8880 5482 3143 8197 10185 6212 7196 5429 3293 7496 3221 7361 5663 6774 9293 6778 7434 7823 6363 4170 9195 8656 10748 10787 9113 9955 9723 9407 10174 10449 6201 7934 6283 9634 8047 6839 4816 9776 9841 8995 8337 7045 5178 2806 5112 3546 3599 1488 9909 3839 10391 7890 6252 7453 5837 6177 3959 4878 5771 6907 7829 9292 8869 9206 5873 7127 9907 8756 8540 9220 9341 8859 4631 7251 10276 7421 4987 5616 5842 3592 1422 9024 8390 9519 8675 8351 7342 5123 2770 2464 2994 5820 6863 5293 5927 8293 9243 8708 7033 8348 10709 9424 9061 5064 5589 3297 1315 276 2612 3937 5516 6143 7700 10545 6087 6693 7886 8023 8345 7523 10000 9802 9534 10065 8232 9503 9057 9779 9233 3807 6853 7729 6941 5011 9891 8963 7973 9047 8446 7505 5901 9052 8426 10562 9390 8898 8175 9785 9500 10550 7202 9449 8994 10249 8929 8230 9726 9405 9851 8581 7691 9825 9561 9130 9623 9745 9442 8448 2307 7639 4309 6802 4571 10376 5223 6949 5046 2684 1534 2862 3035 3889 5488 4007 4369 3554 8422 4676 9683 4584 3856 4813 2455 5088 4155 9624 2700 5156 5241 6216 4024 7259 5553 5885 6242 7395 5712 8879 9193 10131 10809 10830 1621 1953 1952 5359 2289 5925 6168 8333 7243 8693 8410 5932 7070 7130 10844 7528 8191 4033 4861 5086 10752 10225 6285 8987 8559 5983 988 1608 2231 2354 3765 3312 5354 5941 5196 7232 9943 2388 2443 2528 9667 3011 3343 1335 7178 6854 9034 10858 3933 4712 5431 5485 5594 3867 1669 5609 4224 6449 4330 6457 6780 9306 10193 10054 6942 10468 6927 7124 8155 8481 7558 8632 9913 9880 6150 10423 8782 2271 7221 6304 4099 3897 1688 5629 4972 6714 8950 6982 3301 5966 6098 6630 9116 4931 4054 1809 5702 8038 6825 4774 2418 7980 6740 10559 10487 10398 10330 10805 3517 4333 8213 8315 9988 9139 8595 9073 8597 9475 4576 7318 5636 6303 7840 6512 8927 8212 9982 5052 10159 10156 5149 4875 4451 8600 9259 9998 3887 3833 6232 6616 7244 6014 6340 1328 2149 2659 2989 2277 2658 3094 5177 6306 6443 3694 3909 7134 5264 8195 8458 3210 4628 4268 8749 9813 9545 8454 7507 10843 10711 8444 8644 6267 6027 9786 7485 7506 6335 8435 8730 9445 9146 10150 10561 10144 10845 10284 8984 4534 6154 7099 10116 9931 9696 10139 9938 8793 8944 8258 5456 10295 8167 10735 7420 5763 5258 2883 1067 3448 7679 8507 8528 9843 4315 6638 4513 6544 5232 9279 10437 5839 4437 10860 5694 9021 7470 8566 8828 9921 2440 8076 9520 10373 10324 3061 8272 4077 3387 1369 4162 9347 10085 5808 4769 2410 7264 2247 3337 6238 4051 2978 6394 9524 9242 9286 8754 3805 9755 4983 6479 9112 10472 5347 6575 10268 6508 4406 8243 8832 2714 8354 3603 4688 6158 6248 6615 9262 4937 5122 5087 6336 6568 6677 7739 7879 10270 8864 9660 7719 3920 8873 8145 8277 9969 9743 2207 726 1195 4062 1819 4493 9124 10864 5067 5452 7479 7781 9268 7953 10539 4078 5979 7225 7071 6859 4848 3822 7020 9606 4027 4467 2146 6984 5724 2663 3292 8862 4718 9158 5025 4705 2365 3583 2433 10055 4129 2368 7355 5049 3823 9706 10601 10538 5671 4277 2952 3732 6493 5698 10177 10627 1385 2029 7348 3305 2948 3798 4125 5583 8806 8019 8430 7475 4471 9592 4673 3728 4609 9412 5048 8762 1940 4692 8777 7999 6771 7457 9358 8906 9775 9548 4236 4059 6999 7651 10526 10431 6250 5738 6059 5665 8962 9544 3271 4404 4771 4981 6071 6556 6904 7533 7596 8060 8732 8257 9672 8097 5211 8839 5892 2345 10629 2595 5302 2950 5119 6221 4006 8144 7661 4806 6688 6386 3985 8246 9101 8527 7965 8940 8252 6663 2413 4693 6137 8866 9632 8628 7915 9010 9947 6355 6280 8932 8907 10416 7017 7029 8053 4504 10441 7826 10816 7615 2975 3469 4643 6784 3617 6736 4666 4579 5080 5043 3207 5733 10470 6504 8744 4102 8285 6055 2204 5168 6577 4617 7375 8677 7876 7597 7103 6058 3597 6184 1545 3046 3614 2160 3263 3795 10594 3899 4016 4645 4745 6662 4866 4942 4990 5256 5415 7564 10194 10771 10639 2385 3167 4036 3716 5736 4279 10251 4727 4641 5956 5082 5480 7662 5233 5765 4839 6244 6843 7137 7435 8552 7959 7697 2328 5838 3667 5942 7834 6411 6647 4700 3838 9848 6815 5143 7441 8201 6219 5568 4349 10544 8259 3199 5306 3022 8437 4215 5821 5315 5228 6875 6993 10371 10751 10132 10501 2408 2628 2232 2720 4035 3178 3241 3647 4322 7010 1584 8700 5691 9338 9562 9871 10033 3131 8755 4619 7604 3969 6345 4704 5372 10657 8965 10072 4430 4291 8127 2651 5844 1838 5886 1967 2487 8654 3114 3127 4560 4459 2137 5863 1152 8424 7659 3457 5413 6301 3575 6421 8513 10513 1183 4632 8532 6551 4423 2467 8042 3481 1959 2755 3827 5307 4297 4913 5614 5412 3058 7489 8279 4717 7542 9601 3502 2113 4989 4182 1933 6305 7160 5330 8784 5139 6419 2395 10037 5342 9916 10133 8381 8568 6676 2063 4388 1934 4039 6430 10750 4414 10074 10297 5512 10029 10125 4114 4637 5888 7315 6132 6758 10684 3944 4701 10135 6505 3861 7741 3982 4936 5945 4819 8786 9705 6056 4341 5185 1702 3020 3154 3699 3831 5722 3427 6083 6750 740 201 2337 2677 936 1640 2133 7833 7665 4002 5193 5827 10497 5581 5252 10677 3629 1433 8104 7673 6174 8590 7708 6732 6757 2221 7809 10044 9571 9772 10165 8005 3014 2581 8678 7768 2484 2175 7706 7126 5151 6090 2807 5007 4274 6683 4644 4753 1721 3158 4966 5382 6002 6753 5050 8918 6585 10778 10277 7878 6514 2380 943 4790 2355 2431 10263 5222 6076 7323 8967 4652 2976 6117 6767 1631 5096 8153 6369 1824 3180 5867 6971 7112 5668 3075 3224 2050 1844 3060 3934 3531 2321 2081 2163 8551 2028 5726 6360 2829 2893 4778 4491 4550 2157 5144 9497 10410 2869 7894 4411 3244 9746 6307 10264 3164 7412 4325 5752 5409 5217 8976 3871 5180 6928 3028 7181 8070 8719 7005 5762 2697 8692 6545 2784 5017 3466 9461 10096 9906 8253 3350 5588 6700 7851 6447 6094 7404 5734 3657 9266 1262 9668 1162 4263 5373 9335 2645 3501 6762 3284 9218 2101 10346 8667 3781 3923 1326 7092 1212 5591 2656 2630 7121 4012 8365 3257 3802 9204 7101 2422 1776 10012 9899 6428 1946 4132 5560 8263 5311 1613 9542 8661 1283 1795 557 2112 4577 7942 7926 6776 
10333 
10332 
10399 
10331 
2266 
1371 
3395 
3393 
5685 
7371 
1885 
297 
6337 
2352 
1803 
5656 
5655 
5654 
3358 
6838 
4130 
1098 
1096 
2930 
2929 
1298 
1215 
3309 
4877 
805 
283 
2788 
1829 
1823 
6136 
462 
1181 
2284 
7471 
4458 
4457 
4456 
4455 
4454 
4453 
4452 
1957 
1956 
6952 
3691 
2534 
6956 
6955 
5056 
4050 
1149 
2095 
6507 
6506 
4136 
2405 
4748 
3543 
2544 
4229 
3039 
3034 
1624 
1066 
1331 
1329 
3002 
5404 
8844 
2879 
5244 
5243 
434 
4840 
5265 
5263 
8515 
8512 
8305 
5559 
3768 
3766 
1587 
767 
1253 
3214 
5971 
5969 
2253 
3634 
3632 
4514 
4508 
3228 
2000 
2593 
1023 
4253 
9769 
8367 
6246 
3981 
3979 
3977 
1882 
4118 
7802 
2918 
2916 
5653 
5652 
2465 
1394 
3480 
1390 
3452 
2110 
2106 
3882 
1635 
3818 
3817 
2676 
3150 
5061 
770 
769 
28 
24 
64 
179 
56 
555 
529 
525 
1383 
5731 
5730 
3432 
3431 
3049 
2012 
5291 
2910 
1531 
4424 
6552 
6550 
4421 
2114 
1679 
6099 
1139 
1131 
1129 
1124 
1120 
1695 
1693 
2269 
1081 
6756 
4578 
3383 
2189 
3567 
3993 
1753 
1749 
6651 
915 
530 
2360 
2358 
4221 
4600 
2295 
2294 
5300 
271 
3686 
651 
4124 
4029 
441 
881 
2538 
2126 
2122 
8440 
7501 
7500 
7498 
4517 
9566 
9858 
259 
1287 
3238 
5246 
5245 
1284 
1438 
1437 
1436 
1434 
2872 
5059 
6959 
2136 
2134 
4594 
5239 
9019 
9016 
3644 
1366 
49 
135 
452 
1498 
188 
1908 
1906 
2749 
2746 
1972 
1519 
357 
3801 
3042 
2105 
2104 
1965 
4399 
6298 
6295 
1209 
1208 
1206 
3138 
3137 
2847 
2846 
780 
778 
4168 
4167 
5141 
2038 
2382 
2754 
1784 
1783 
1991 
1990 
1043 
1038 
1035 
2703 
2702 
3855 
3506 
3505 
2974 
2827 
2825 
2822 
1173 
1170 
1671 
2919 
2470 
3930 
3929 
1920 
1761 
3591 
2972 
2971 
4567 
7094 
7093 
5220 
4766 
2401 
2399 
4738 
2397 
4734 
2335 
2334 
4978 
2611 
2610 
2609 
6361 
7799 
6359 
4252 
2558 
607 
2708 
6898 
8156 
3152 
2678 
5496 
5495 
4791 
4200 
1479 
1478 
3582 
5753 
1307 
3286 
3283 
5896 
5895 
7497 
3053 
5370 
1220 
5486 
3159 
1645 
3523 
5833 
4175 
3521 
962 
959 
2719 
4267 
4266 
4265 
4092 
3198 
4463 
1651 
1650 
1649 
4820 
2459 
2369 
4339 
10034 
10032 
10031 
4890 
4889 
4911 
7906 
6574 
2287 
5810 
2598 
2596 
1104 
2908 
2669 
2935 
5554 
5552 
5551 
8322 
8321 
7253 
6958 
6400 
4234 
5162 
7028 
7026 
9890 
9889 
9549 
5133 
3718 
3717 
1999 
104 
1189 
2616 
2615 
2172 
1602 
2894 
7063 
3712 
5939 
5938 
2818 
3563 
4730 
1901 
7051 
8181 
7049 
4974 
8102 
7787 
7786 
7162 
5657 
6262 
8602 
8867 
5605 
845 
4110 
4503 
1653 
514 
377 
6788 
2373 
771 
1360 
1358 
2322 
4635 
3107 
3816 
3814 
8254 
6660 
6659 
6658 
3538 
8396 
8395 
5914 
5912 
3509 
4025 
4023 
6082 
1163 
4164 
4001 
3205 
3202 
3201 
3200 
4661 
3976 
3974 
6192 
4876 
4198 
6376 
4196 
8352 
5638 
2109 
4581 
3041 
2276 
2161 
2158 
5619 
4781 
5304 
4776 
2436 
3333 
3332 
3331 
2219 
4535 
6653 
4533 
4528 
1979 
5170 
5167 
398 
1355 
3367 
3365 
2920 
5669 
3736 
5816 
5814 
4836 
465 
1524 
10512 
10582 
10581 
10510 
5875 
4476 
4474 
5677 
5676 
6424 
4859 
4259 
5326 
5324 
5323 
4565 
5375 
5484 
4043 
1594 
6004 
6003 
3771 
6092 
2817 
7059 
7057 
2814 
4408 
5400 
6373 
6965 
6964 
6005 
7473 
4850 
4847 
6270 
6268 
7730 
6888 
2003 
1147 
5356 
10175 
2648 
2642 
3401 
8785 
6797 
6796 
6795 
9443 
7179 
4172 
5438 
5436 
8288 
8286 
4650 
2529 
2526 
4899 
4898 
4897 
4896 
4895 
4894 
4893 
4892 
4891 
2524 
2171 
4490 
4828 
4827 
5623 
6637 
5451 
7208 
7207 
2671 
2724 
2723 
6013 
6012 
5538 
3044 
6765 
6764 
8211 
8209 
8208 
2868 
3762 
6733 
6731 
6730 
6273 
7515 
7512 
1684 
3886 
2759 
2758 
4796 
4795 
4146 
4320 
4316 
4393 
7396 
8378 
8377 
9185 
9184 
9183 
9182 
8653 
5695 
3784 
5582 
2742 
5106 
2740 
5093 
1792 
6133 
7645 
2852 
6124 
3852 
3195 
6164 
2748 
1029 
1028 
1577 
1576 
1573 
4287 
457 
2015 
4021 
4018 
3792 
2445 
3964 
6179 
6020 
8355 
6668 
6667 
5097 
5094 
4543 
4541 
4540 
3868 
8706 
8702 
9234 
5219 
5108 
4912 
2423 
1707 
5618 
6279 
7735 
5182 
5176 
3267 
3266 
5567 
2951 
7715 
3463 
3203 
4547 
7119 
6385 
10807 
10806 
10824 
10823 
10822 
10821 
1301 
2905 
5902 
5650 
5348 
9491 
9085 
9084 
5648 
5603 
5602 
5601 
5599 
6938 
6936 
3345 
5464 
4014 
3493 
7425 
7933 
7931 
3834 
6069 
6068 
6067 
5715 
3830 
2583 
2503 
2501 
4860 
5541 
7415 
5761 
7368 
425 
1431 
4563 
4561 
5723 
4076 
4075 
4074 
4073 
4072 
4071 
4070 
4069 
6967 
6966 
5308 
6522 
6521 
6520 
6518 
4400 
8255 
8838 
7557 
8478 
8477 
3799 
5975 
5974 
4789 
6460 
5501 
8130 
8009 
8008 
6792 
9550 
4633 
3996 
6113 
4833 
1898 
2480 
2488 
1402 
873 
212 
210 
751 
2243 
4178 
4177 
747 
6698 
6697 
7324 
8219 
5227 
8065 
5374 
4925 
4924 
7680 
5906 
4573 
3516 
5573 
5414 
7189 
6809 
7158 
5847 
5846 
5845 
7115 
5634 
6291 
6289 
6288 
6287 
7231 
10641 
10640 
6954 
3873 
3872 
3854 
6454 
9873 
9872 
7923 
9260 
9631 
9630 
6724 
9261 
6631 
6365 
5910 
6528 
6527 
6009 
3495 
3860 
4667 
4233 
6930 
9452 
2576 
2575 
2572 
3416 
8039 
3192 
3190 
3188 
3186 
682 
681 
4332 
3825 
5513 
3104 
5737 
3422 
3417 
6100 
8380 
4031 
3435 
3434 
2673 
5449 
5448 
5708 
7617 
7616 
7614 
6290 
5660 
4995 
4994 
4986 
6123 
7367 
7364 
7362 
7014 
6652 
1828 
4278 
6191 
6571 
5666 
9645 
9644 
9643 
6846 
3296 
6218 
8193 
5235 
3666 
5781 
8453 
8452 
7920 
6617 
4902 
4901 
3994 
5332 
4733 
9676 
7670 
7668 
8635 
9178 
4616 
4614 
5965 
6379 
5868 
5866 
7466 
8646 
7816 
7815 
2428 
6635 
6626 
6404 
2530 
4770 
5597 
5596 
9312 
8820 
5934 
4410 
3700 
7531 
4756 
6634 
6366 
8364 
7492 
5697 
9591 
1040 
7110 
1668 
2229 
2228 
4179 
4091 
1106 
2305 
2303 
2302 
5835 
5834 
7176 
6832 
8923 
6582 
7281 
7069 
5522 
3577 
7284 
8128 
5585 
9529 
5153 
7696 
5704 
3409 
5641 
5640 
5633 
6538 
7893 
5419 
5418 
1735 
1734 
3960 
3288 
773 
1980 
3956 
3952 
3177 
6906 
7116 
9830 
9829 
5230 
7084 
6442 
6494 
6351 
8274 
8273 
5862 
5859 
8691 
6534 
10448 
5661 
7321 
7546 
6418 
6414 
3310 
3321 
3319 
7322 
6963 
3633 
5988 
5987 
5986 
4119 
3163 
4678 
7165 
3751 
7552 
7550 
7123 
8651 
9174 
9173 
9172 
8058 
8770 
8769 
4068 
1010 
4377 
4133 
10656 
10685 
8067 
8066 
5851 
5190 
5937 
6879 
10725 
10747 
10802 
10801 
10800 
10775 
10457 
10744 
10743 
10799 
8096 
10708 
6975 
5948 
4497 
9498 
8455 
7619 
7018 
7109 
5138 
7603 
7265 
7247 
7891 
8329 
8328 
7263 
8330 
7261 
7260 
7574 
8298 
8297 
8103 
7993 
7341 
8347 
7175 
6159 
6157 
6156 
6155 
3935 
3528 
5919 
6530 
6529 
899 
5778 
5777 
5776 
10279 
10278 
6241 
9812 
9811 
9820 
9818 
10666 
10665 
10664 
10691 
9289 
7656 
6743 
6742 
8544 
8543 
8542 
8541 
5700 
3031 
5361 
3026 
3025 
8982 
8979 
8176 
4011 
4009 
4908 
4906 
7660 
7740 
8610 
9389 
9388 
6517 
8895 
8165 
8889 
7717 
8249 
6446 
2330 
2329 
4640 
4317 
7749 
8412 
8411 
4917 
4915 
8044 
8041 
6835 
8317 
8316 
2164 
3695 
5929 
3693 
5316 
7153 
7150 
3424 
5313 
5312 
4656 
3721 
3720 
1539 
4945 
4941 
6320 
7769 
7831 
6831 
8034 
6915 
8101 
6913 
6799 
4963 
4961 
7091 
8202 
8200 
2657 
5129 
5027 
5024 
5023 
2255 
4558 
5774 
6211 
6819 
6818 
7568 
7566 
7590 
8240 
8239 
6195 
6680 
9897 
9651 
5467 
6760 
6738 
6737 
7985 
6592 
7911 
8712 
6588 
6858 
6060 
7025 
6727 
5625 
7332 
3077 
6754 
6103 
8505 
8504 
8502 
8613 
8612 
9576 
9575 
9574 
9833 
3073 
5557 
4760 
4022 
7226 
3308 
4773 
6343 
6342 
7610 
9507 
9506 
5218 
5072 
8012 
8389 
9023 
7407 
8475 
5817 
7688 
8993 
8991 
8990 
7024 
8341 
7820 
3279 
4308 
4314 
3951 
6435 
6910 
7184 
5202 
3259 
2427 
2549 
1290 
6489 
7867 
8674 
7865 
9201 
9199 
6725 
8668 
9211 
4372 
3450 
3425 
6030 
4842 
4841 
3306 
10713 
8460 
8986 
9447 
8032 
10222 
10253 
10248 
10109 
9653 
9920 
9919 
9681 
9918 
6296 
8855 
8853 
8852 
9205 
9203 
9473 
7967 
6398 
6397 
6396 
10476 
4904 
5012 
6962 
7811 
7810 
9731 
8436 
5210 
7380 
7286 
7285 
4786 
4785 
9303 
8801 
8800 
1569 
4783 
6485 
6483 
6919 
8433 
8432 
4482 
6578 
9613 
9222 
8689 
8688 
8937 
7104 
8539 
8538 
9111 
9494 
9493 
9051 
9050 
3182 
6872 
6871 
4603 
5764 
8592 
8022 
5982 
1690 
7237 
5085 
4686 
6044 
7588 
7586 
8731 
8287 
5063 
8006 
7445 
6073 
7600 
8510 
8509 
8508 
6628 
2850 
7598 
9585 
4523 
4520 
5340 
9564 
9827 
6618 
9581 
9580 
9752 
9579 
9578 
9577 
6589 
3730 
8840 
8182 
4450 
4449 
4447 
4446 
5069 
4938 
5494 
5493 
6332 
6331 
9159 
9157 
9782 
6895 
6894 
6893 
8841 
8648 
8091 
8090 
9917 
8429 
9328 
9327 
9325 
8836 
8088 
9140 
8111 
6502 
6501 
6499 
6498 
6497 
6686 
10764 
10763 
9244 
9241 
9240 
8194 
5571 
9239 
9238 
10001 
10158 
10157 
9532 
9419 
8946 
4793 
5462 
8294 
7905 
9127 
8171 
9043 
8442 
5290 
2509 
2442 
9099 
9098 
9649 
9648 
8643 
9135 
8276 
5174 
7043 
7583 
7582 
6028 
7580 
6037 
6173 
8043 
7145 
7139 
8095 
7183 
6278 
7618 
3998 
5913 
8302 
8451 
8450 
8449 
9048 
8447 
9044 
8445 
6640 
7979 
7456 
7455 
7454 
8857 
6141 
4235 
7813 
7812 
9588 
4948 
3559 
9257 
9256 
9255 
9254 
9253 
8803 
4809 
4808 
4805 
4801 
4436 
6228 
7704 
6135 
7378 
7377 
7376 
8817 
8054 
9315 
9313 
4788 
10488 
9791 
9997 
8560 
9142 
9141 
9765 
9764 
9763 
9345 
9462 
9730 
9729 
7054 
7458 
8421 
8420 
8419 
9033 
8418 
6205 
8344 
8997 
8652 
9596 
9595 
9963 
9961 
9748 
9747 
9177 
9471 
6866 
7998 
8132 
7990 
9690 
9689 
9688 
9902 
10121 
7187 
6259 
6258 
9641 
8123 
7001 
8146 
8394 
8133 
9805 
9804 
9448 
9540 
9104 
9103 
8658 
9190 
8498 
8497 
7370 
1492 
1490 
3600 
5843 
3596 
2614 
8376 
10296 
10299 
10380 
10447 
10414 
7969 
10167 
10166 
8503 
9474 
9790 
5709 
7163 
5544 
9413 
8941 
9428 
9427 
9426 
9736 
9735 
9423 
9422 
2184 
8949 
7925 
7751 
8796 
8795 
8794 
8413 
8087 
8831 
7314 
7313 
7312 
7311 
7310 
7308 
7307 
7306 
7305 
7304 
7303 
7302 
7301 
7300 
8046 
8045 
7048 
7047 
7046 
4464 
4087 
6182 
6181 
8561 
2737 
2735 
2733 
2731 
8893 
8891 
8099 
9465 
9822 
9991 
9989 
10003 
10002 
9584 
5278 
8233 
5457 
7210 
7034 
5455 
5454 
6645 
6644 
6642 
6641 
5345 
6564 
8223 
9005 
8416 
8141 
10049 
10048 
10046 
10182 
10117 
10258 
8501 
5114 
8902 
9393 
9392 
9394 
8556 
8555 
2604 
7954 
8737 
8736 
8601 
8506 
8131 
8206 
8205 
8926 
8776 
8811 
8761 
7984 
8594 
8593 
8368 
8493 
9082 
9081 
10427 
10504 
10584 
10502 
3362 
10669 
10668 
10667 
10625 
10523 
10499 
10568 
10565 
8913 
8912 
10430 
10509 
10722 
10716 
10734 
10808 
10755 
10732 
9770 
8830 
5749 
5748 
6333 
3176 
10678 
10450 
9773 
10634 
10633 
10567 
6987 
10676 
10675 
10682 
10718 
10737 
10762 
10811 
10152 
9568 
9995 
10759 
10758 
9386 
9385 
9384 
8664 
10534 
3211 
10250 
10522 
10631 
10630 
7658 
7657 
5874 
6046 
6045 
2802 
10506 
10622 
10560 
10621 
10620 
4527 
10558 
9810 
10004 
9537 
9535 
7363 
5367 
9840 
9846 
9777 
9533 
10027 
9488 
6810 
9842 
7818 
5031 
4707 
4684 
6410 
7393 
7391 
4079 
5595 
6438 
6437 
6436 
8609 
8608 
2563 
2562 
6777 
8002 
8017 
10459 
4971 
10058 
10053 
9125 
9123 
9122 
9121 
9192 
9855 
8703 
10006 
10184 
10401 
10400 
9751 
9162 
9638 
7723 
10171 
10169 
9819 
9117 
9553 
7344 
10486 
10485 
10616 
10615 
10614 
10699 
8809 
8808 
10712 
6978 
10689 
10688 
10246 
8531 
10687 
10686 
10707 
10636 
10618 
10658 
10482 
10052 
10050 
10010 
8476 
4608 
10028 
9749 
6086 
9472 
7747 
10786 
7725 
9074 
9514 
9806 
9513 
9072 
9458 
7736 
9984 
9656 
10241 
10084 
9441 
9742 
9741 
5013 
6943 
9438 
8964 
1924 
10358 
10357 
5964 
10237 
10347 
10235 
9406 
8768 
8767 
9654 
10064 
10322 
10552 
10551 
9353 
10612 
10611 
9604 
10702 
6877 
10576 
10575 
8640 
8606 
10659 
9058 
9502 
8882 
8881 
9377 
8878 
10573 
10572 
10571 
10570 
10016 
10164 
10015 
8062 
5461 
10592 
7426 
10591 
10589 
4907 
2540 
10477 
10442 
9512 
10451 
10363 
10362 
10421 
10420 
5788 
5022 
4532 
3760 
1754 
9296 
9223 
8783 
3160 
10819 
10644 
10643 
10672 
10670 
10856 
10868 
10867 
10866 
9967 
7241 
10818 
10817 
10833 
10832 
9970 
7503 
5923 
3870 
10652 
10651 
8425 
7330 
5729 
7464 
10089 
10088 
10087 
10086 
9904 
9903 
8870 
10772 
10439 
10795 
10794 
10793 
10792 
10535 
10770 
10769 
10768 
10783 
10782 
10694 
10693 
10692 
10781 
10221 
8957 
10741 
10283 
9971 
8055 
9750 
9290 
10720 
10740 
10767 
10791 
10831 
10727 
10583 
10637 
10191 
10190 
10307 
9801 
9056 
9509 
9508 
8788 
7204 
5893 
9464 
5253 
2668 
3460 
2249 
9587 
8851 
9336 
9680 
8251 
5524 
3791 
9088 
9799 
9527 
9526 
9252 
9711 
9710 
8324 
8323 
8848 
8847 
10814 
10813 
10870 
10869 
9482 
9480 
10304 
10061 
9887 
9563 
8250 
9560 
9792 
8142 
4736 
4040 
10196 
10384 
10467 
10602 
10683 
10412 
10411 
8947 
6791 
1457 
10549 
10548 
10547 
9923 
8919 
8359 
7346 
10148 
10287 
10286 
9376 
9284 
9283 
7011 
9558 
9557 
9320 
8985 
5714 
6492 
6490 
6399 
7234 
4445 
4444 
4443 
8887 
8886 
6673 
6672 
6572 
6187 
3569 
8075 
4381 
3990 
3541 
10698 
10697 
10731 
689 
10528 
10527 
7842 
7841 
8084 
6429 
6416 
5864 
10828 
10854 
10853 
10852 
7776 
10288 
9900 
9355 
7105 
10850 
10865 
10873 
2267 
10617 
9086 
9759 
8003 
8894 
10847 
10863 
10862 
7684 
7683 
8565 
5186 
5183 
3079 
2947 
10861 
10872 
10871 
10859 
10289 
3155 
10851 
10838 
10803 
6565 
10826 
10825 
7870 
7869 
7868 
7711 
7262 
10695 
10789 
10765 
10738 
9985 
9968 
10375 
2925 
5561 
10779 
10777 
10660 
10729 
10728 
8599 
8350 
10367 
9411 
9496 
9032 
10077 
10076 
10233 
10232 
8805 
10343 
10342 
10341 
10492 
10490 
10564 
10413 
799 
9196 
9045 
7245 
4174 
9823 
9416 
9369 
8570 
9063 
10205 
10204 
10475 
10040 
9492 
10605 
10604 
9883 
8818 
10313 
10386 
10543 
10603 
10542 
10541 
10469 
10600 
9495 
10302 
10301 
6176 
4799 
4797 
4365 
6393 
10311 
7746 
7744 
7436 
4672 
7333 
9582 
4290 
712 
7053 
5083 
10440 
9838 
9835 
10339 
8271 
8270 
8269 
10262 
10261 
10260 
7547 
10228 
10227 
10337 
10402 
10336 
10407 
10406 
10405 
8765 
9285 
10335 
10224 
6160 
10230 
10338 
7997 
10229 
4967 
3405 
5213 
2065 
9647 
7258 
3287 
9007 
9522 
9999 
7875 
9600 
9852 
9850 
6751 
9598 
9597 
10138 
9740 
10419 
10495 
10624 
9708 
9397 
9715 
9948 
10127 
10126 
6805 
9945 
9610 
9487 
9349 
7825 
7824 
6312 
9171 
4566 
9145 
4604 
9265 
10494 
10438 
10415 
8910 
5757 
5756 
7417 
10275 
10274 
9170 
10360 
10187 
9766 
5829 
5828 
10136 
9780 
7686 
8431 
8807 
6019 
8161 
9399 
9716 
9398 
9115 
8819 
10155 
10154 
9796 
1476 
9795 
9794 
9006 
6862 
9078 
8639 
8638 
7411 
8569 
1470 
9778 
9679 
8107 
7857 
7856 
9194 
8655 
3759 
9685 
9368 
3162 
8000 
9342 
10290 
9990 
10374 
8890 
9333 
9332 
9326 
9015 
9937 
10433 
10531 
10352 
10143 
10370 
9470 
9767 
8943 
9414 
6900 
4857 
5303 
5118 
8487 
8486 
8485 
9787 
9510 
9809 
9297 
9090 
9555 
9070 
9069 
8245 
8244 
8935 
8934 
7432 
7958 
6632 
9281 
9637 
6612 
6611 
6610 
8723 
8722 
8721 
6608 
8266 
7709 
5117 
8136 
8134 
7345 
7845 
7844 
5115 
4081 
7917 
8713 
7916 
2591 
6606 
6605 
6604 
7914 
7913 
7912 
6602 
6601 
5815 
2858 
8750 
9609 
9762 
9761 
2036 
4323 
4304 
2032 
1497 
9258 
8716 
8379 
6860 
7921 
3329 
8242 
8933 
8627 
8626 
7780 
7777 
6820 
3415 
7402 
9518 
9517 
8525 
8483 
7797 
10259 
10240 
9760 
2194 
4250 
9727 
8284 
8283 
8282 
8280 
7638 
9221 
7135 
3800 
8637 
8059 
8438 
7636 
5898 
5435 
7205 
9725 
9724 
9958 
9957 
9343 
6981 
6614 
9091 
9944 
10267 
10266 
10265 
9953 
10134 
10355 
10354 
3573 
9627 
7728 
5317 
9453 
8562 
7972 
6526 
10124 
10123 
9942 
9941 
9939 
9640 
10108 
10107 
8467 
9915 
9914 
9956 
10104 
10247 
10353 
8580 
8578 
10102 
10101 
9911 
10100 
10099 
10098 
10097 
9612 
8738 
8607 
7177 
9294 
8248 
7495 
9935 
10282 
9934 
9291 
3444 
876 
9928 
8366 
2786 
9697 
9695 
9340 
9339 
9337 
8659 
8404 
8936 
8403 
8402 
8400 
9477 
8417 
8391 
8397 
8992 
7242 
9515 
9075 
2667 
8281 
7633 
7632 
7555 
6728 
6523 
6330 
7563 
7562 
7561 
7437 
7227 
6980 
8025 
8024 
8306 
6210 
3103 
1676 
482 
4601 
4929 
5481 
3074 
8480 
8479 
8753 
8904 
7155 
3513 
3512 
1703 
8189 
8188 
8187 
8186 
7941 
6576 
3819 
5068 
10478 
10243 
9321 
9120 
9836 
10198 
10197 
9225 
8203 
8163 
9879 
9981 
9980 
9979 
7224 
8300 
8971 
8970 
8969 
6563 
6561 
8961 
8960 
7994 
9878 
10070 
10219 
10218 
10217 
10216 
10215 
10214 
10213 
10212 
10211 
10210 
10209 
10325 
9675 
9000 
8135 
10395 
10394 
6766 
8521 
2242 
10206 
2270 
10202 
10319 
10389 
10388 
10382 
8353 
7037 
6456 
4747 
2386 
10317 
10316 
10257 
10200 
10320 
3677 
9876 
10062 
5268 
5266 
6763 
6761 
2020 
5078 
5077 
5076 
2222 
7572 
6215 
7442 
8374 
8779 
8290 
7978 
7977 
7976 
7975 
2434 
1404 
6138 
7469 
7467 
6401 
3147 
3057 
6110 
6109 
6085 
5905 
5120 
3891 
7626 
6031 
2308 
5001 
6559 
6558 
5475 
5474 
5095 
1825 
9784 
10309 
10308 
10188 
10305 
10120 
9433 
9505 
7904 
8710 
9247 
9246 
9245 
8711 
7209 
4405 
10255 
10254 
7022 
9954 
8409 
9885 
8775 
6899 
5758 
9147 
6433 
9789 
9788 
10071 
8387 
8810 
9324 
9236 
7329 
7138 
7848 
7847 
8100 
8001 
4515 
5936 
7881 
7935 
8733 
9272 
8681 
8680 
5336 
6513 
4671 
6741 
7983 
7982 
6837 
6509 
6739 
4669 
4668 
7771 
6325 
6050 
3842 
7214 
7213 
5470 
9978 
9977 
10146 
10432 
9439 
8999 
3339 
10596 
10595 
10646 
10645 
10525 
10524 
10519 
10293 
9365 
9128 
10435 
10585 
10638 
10181 
10180 
10179 
8942 
9686 
9831 
9430 
5830 
9429 
10192 
9383 
4288 
8955 
9041 
8210 
7569 
10516 
10515 
7090 
7950 
8747 
8746 
9275 
9274 
9273 
8499 
8092 
7863 
3843 
8998 
2911 
8519 
5040 
9210 
3397 
1793 
4134 
9975 
8314 
9754 
8804 
3921 
9454 
3756 
9499 
9650 
9546 
9198 
9330 
7120 
8235 
8372 
8371 
8370 
8238 
8237 
8236 
5751 
7125 
9169 
8579 
7961 
7133 
6277 
4214 
4213 
4211 
4210 
4209 
10348 
9933 
9932 
4080 
10350 
4683 
10024 
10168 
10023 
8931 
8930 
9870 
9757 
9868 
10095 
9821 
9815 
9808 
9814 
7584 
9189 
9107 
9106 
10094 
10093 
9079 
9310 
10610 
10609 
9308 
9307 
9658 
9657 
8814 
8822 
8630 
6671 
10207 
10013 
6682 
2664 
10092 
10091 
10090 
9793 
3907 
9665 
7166 
8423 
7509 
1100 
3037 
9618 
9237 
8792 
9994 
9993 
9992 
8921 
9523 
9298 
7398 
9348 
8312 
8311 
3874 
3151 
7390 
7389 
7215 
6685 
6684 
2205 
1418 
9972 
9703 
8980 
8914 
8909 
9148 
7384 
6209 
5337 
7334 
8029 
8028 
8027 
8026 
7414 
7399 
4487 
4044 
3129 
7443 
6511 
8180 
9089 
8620 
8526 
5578 
3884 
6166 
4058 
9678 
8877 
9375 
9552 
8715 
3522 
7191 
7144 
7861 
7860 
8665 
9197 
7052 
8129 
8172 
4418 
6408 
7406 
5741 
3975 
4636 
5053 
5775 
6149 
111 
5030 
5508 
5507 
5422 
5421 
5420 
6119 
6118 
2174 
7644 
6130 
6129 
6128 
9409 
2743 
9009 
9008 
5529 
8110 
9065 
9064 
8812 
9277 
9095 
8974 
9551 
7382 
9232 
9231 
9229 
8714 
9617 
9616 
9227 
9226 
9621 
7899 
7832 
6503 
4905 
3973 
3972 
5647 
5646 
7352 
7351 
8358 
8357 
8356 
8340 
8339 
4944 
4123 
4642 
404 
6995 
6896 
5841 
9060 
8724 
6666 
6665 
5735 
8473 
8472 
5363 
4742 
4741 
6803 
8016 
9853 
9334 
9446 
7490 
8399 
8398 
8094 
7320 
7157 
5658 
3116 
7613 
6591 
7757 
7430 
6654 
3971 
5039 
1150 
3906 
5411 
4725 
4724 
4723 
4722 
4721 
7946 
7945 
7944 
5547 
6957 
4429 
8763 
9251 
9626 
9625 
9874 
10106 
10105 
5794 
9136 
7194 
9501 
10017 
7460 
7459 
9481 
9570 
8687 
9611 
9059 
8040 
6882 
3243 
9230 
9156 
6583 
6049 
8623 
8439 
6072 
3758 
4298 
8304 
9504 
9664 
9663 
9662 
9859 
9807 
8126 
6281 
7269 
9249 
9248 
8615 
8334 
8278 
7938 
6800 
4702 
4562 
2016 
4351 
8360 
7337 
5667 
4982 
2170 
4557 
6321 
7576 
7575 
7350 
8408 
9031 
8407 
8917 
9403 
9719 
10130 
10129 
9781 
9949 
9886 
9450 
9717 
8816 
4360 
10018 
8922 
9301 
5405 
4787 
9138 
4181 
10393 
10300 
10256 
9357 
3967 
10323 
7675 
7674 
6461 
7907 
6018 
5687 
8229 
8227 
8226 
7609 
8915 
8614 
7061 
5872 
7649 
7477 
7151 
5780 
5433 
5401 
6091 
3248 
3442 
1743 
7579 
5819 
7218 
7882 
6639 
5283 
9410 
4422 
4968 
10390 
6824 
9607 
3608 
9373 
8157 
8884 
8883 
7283 
2167 
9372 
9137 
1419 
7416 
7339 
5907 
2747 
5105 
5104 
5103 
5102 
5101 
5100 
5099 
5098 
8789 
8740 
8739 
9270 
9269 
8679 
8563 
6000 
8150 
8018 
7006 
7450 
7449 
7448 
7447 
7446 
5343 
4028 
5621 
6744 
4710 
7767 
274 
1097 
909 
7737 
3459 
5739 
4216 
5369 
5368 
6655 
2414 
4762 
2666 
585 
584 
10428 
10505 
8958 
9278 
9669 
9516 
7169 
7527 
7526 
7504 
8741 
5305 
6407 
10424 
8842 
9460 
7379 
7877 
7612 
7801 
7800 
6548 
6547 
6546 
6922 
7424 
3483 
6220 
6867 
6420 
6715 
6249 
4537 
6827 
5042 
7792 
8631 
7790 
7789 
2429 
2679 
3454 
6587 
2643 
7726 
6116 
6115 
4413 
6477 
6476 
6475 
5562 
4814 
6054 
5856 
5855 
5853 
4767 
8077 
8827 
6121 
7631 
7630 
7628 
5725 
5477 
1788 
8074 
6689 
8899 
9049 
7889 
6970 
4755 
7981 
7267 
6011 
4605 
8325 
5479 
6678 
5357 
7198 
7107 
4428 
5339 
4999 
3991 
6229 
8289 
9930 
9929 
9671 
8588 
8361 
7418 
214 
1833 
1265 
9437 
9436 
9435 
9434 
5506 
5037 
5035 
5034 
5033 
2033 
9862 
9479 
7748 
4281 
7992 
7835 
298 
5275 
9530 
10014 
9408 
9176 
7991 
4280 
9817 
9816 
8781 
8780 
10356 
5518 
9744 
9973 
9615 
8748 
7821 
7532 
5818 
4649 
9038 
9037 
9036 
4574 
5943 
4228 
3902 
6973 
6972 
6870 
5346 
3932 
3914 
2627 
3175 
1672 
5823 
5822 
4812 
4582 
3731 
2150 
5611 
5445 
7536 
8571 
7782 
4750 
2682 
8966 
4292 
1583 
1132 
917 
6772 
6702 
6384 
6441 
7846 
5767 
6144 
7653 
7652 
5720 
5716 
4225 
6448 
7072 
5718 
7353 
2148 
4466 
2147 
2139 
1804 
278 
4754 
8301 
8336 
8335 
6840 
4272 
7298 
7297 
7296 
7295 
7294 
7293 
7292 
7291 
7290 
7289 
7288 
7919 
7714 
7713 
8591 
7712 
4761 
1914 
6812 
4697 
3625 
3623 
3622 
3621 
3620 
4639 
4638 
3733 
7268 
7702 
7701 
6816 
7634 
7185 
6029 
3829 
5746 
9133 
9132 
7693 
4392 
1866 
451 
4481 
6793 
3744 
6016 
4674 
9119 
9040 
6357 
7465 
5084 
1738 
7952 
7951 
7096 
6979 
5489 
5071 
3755 
5918 
5917 
5916 
7519 
7518 
7517 
7516 
5799 
3549 
5212 
7671 
4914 
4319 
6034 
6033 
3662 
2511 
2670 
6713 
6712 
6566 
4472 
4470 
6488 
3770 
6541 
7896 
7895 
5526 
6539 
4849 
10444 
6188 
3110 
10366 
10422 
10122 
8650 
5600 
10364 
10291 
5721 
9704 
4973 
10172 
8183 
6948 
5558 
5351 
8981 
6865 
5195 
3828 
8217 
8215 
5221 
6371 
6403 
8073 
8072 
8071 
8825 
8824 
7804 
2923 
9317 
9739 
3349 
9738 
9737 
9395 
9728 
9431 
9087 
9109 
8162 
7910 
4090 
8343 
6790 
8645 
6417 
6868 
4153 
6354 
7766 
7765 
7764 
7763 
7762 
7761 
7760 
7759 
7758 
1846 
1103 
6127 
6726 
7646 
8241 
8108 
7326 
8346 
8068 
7897 
6185 
6183 
5113 
4542 
5548 
7538 
8310 
7537 
8522 
7009 
7795 
7235 
5970 
3579 
4285 
6889 
6510 
5584 
6856 
6855 
6243 
4844 
3157 
6353 
6260 
4219 
3374 
5680 
8757 
7578 
7577 
9362 
9361 
9687 
9360 
9359 
9165 
7275 
8575 
8876 
9030 
9029 
9028 
9027 
8576 
6646 
3276 
8152 
1800 
5260 
3845 
8772 
8725 
5110 
1618 
1617 
1615 
7988 
7987 
7986 
6370 
6747 
7996 
3588 
6254 
9593 
9046 
8216 
9179 
8533 
7328 
6261 
7664 
7663 
6367 
3701 
8554 
8553 
4689 
1796 
1570 
7274 
7273 
7272 
7271 
6038 
5587 
7276 
3428 
5045 
2831 
2555 
8582 
8872 
8871 
1548 
7939 
7257 
7779 
8584 
8583 
6412 
3931 
1432 
7695 
5483 
1179 
6773 
7854 
7853 
7520 
6864 
7152 
7122 
5857 
4715 
3898 
6951 
6358 
7239 
4858 
2432 
2839 
2838 
2834 
7077 
7076 
139 
7074 
7073 
6841 
8051 
8050 
8049 
8048 
7924 
7287 
4950 
5203 
8983 
8672 
8177 
8184 
7419 
7366 
3590 
7065 
7064 
8603 
8291 
7058 
7423 
6629 
4873 
4872 
4871 
9154 
8720 
6478 
4835 
3045 
6851 
5261 
5146 
4714 
4160 
6213 
4240 
3535 
5803 
5801 
4282 
4255 
4434 
4345 
7317 
7316 
6600 
4307 
2592 
3649 
3648 
5891 
7491 
690 
7336 
5659 
5287 
3056 
2333 
8234 
7648 
8529 
9042 
869 
8495 
6573 
4301 
4300 
4113 
7513 
6669 
5090 
3510 
854 
1567 
3576 
4749 
5296 
4165 
2973 
8550 
8549 
8548 
8547 
7108 
6613 
7280 
7186 
8105 
7734 
7197 
5511 
7862 
6933 
4311 
2956 
3394 
7041 
8173 
8010 
4663 
3685 
9713 
9712 
9017 
6364 
5073 
8174 
3642 
3641 
2446 
6470 
4227 
5171 
3218 
1609 
8939 
8596 
4970 
4758 
7535 
7219 
8139 
8427 
6198 
5504 
6352 
4768 
4696 
7694 
5610 
7319 
8122 
8121 
8858 
8119 
6918 
5318 
3628 
4271 
5426 
5399 
4163 
974 
5471 
3090 
3646 
3089 
2945 
7654 
5786 
5675 
4775 
7422 
6409 
5899 
10329 
10328 
7798 
4997 
8846 
8845 
4419 
8414 
7201 
9068 
9067 
7887 
6217 
6735 
6239 
6237 
6236 
6074 
3172 
5441 
5338 
3723 
4954 
3809 
5933 
5041 
3240 
3372 
6857 
7756 
7755 
8622 
7754 
8636 
6808 
4030 
6318 
6317 
6314 
6051 
3294 
3737 
9485 
9484 
9483 
9469 
8313 
9014 
6580 
6313 
3688 
1767 
7774 
3877 
7773 
6525 
5289 
7960 
8760 
8759 
8758 
8698 
8697 
8696 
8318 
7511 
2123 
7745 
6334 
7484 
7136 
6695 
10409 
10408 
7964 
7963 
7962 
6692 
6328 
9208 
5681 
6969 
6674 
5787 
5606 
4461 
2521 
7358 
7357 
7356 
6675 
4115 
3361 
2457 
5944 
1686 
5790 
4625 
3303 
4622 
4621 
6710 
6709 
6708 
6706 
6705 
6704 
6711 
2312 
7250 
6282 
8082 
8081 
8080 
8079 
8078 
3610 
5537 
5535 
5533 
6806 
5532 
5531 
2263 
5360 
7147 
7146 
6931 
5126 
4262 
6903 
6902 
6214 
4397 
4396 
2059 
6471 
4348 
7822 
2411 
4851 
1575 
2054 
9219 
9217 
9188 
8605 
8518 
7635 
7252 
6197 
6186 
6468 
6467 
5036 
6804 
652 
6569 
4958 
4042 
4630 
4010 
8684 
8683 
8682 
3674 
5880 
7478 
7623 
7622 
7621 
7785 
6991 
6990 
6989 
8011 
7331 
5018 
3711 
479 
3514 
5060 
6960 
5237 
10080 
5365 
6481 
6480 
4361 
5463 
8534 
8386 
7570 
3036 
5563 
3212 
5525 
4939 
6032 
746 
8799 
8798 
8797 
5358 
4327 
5930 
5476 
4757 
7525 
7060 
5890 
2837 
5889 
5887 
7481 
7480 
2900 
1009 
6881 
3280 
2717 
5208 
4662 
6224 
6093 
15 
5931 
3661 
2997 
1694 
6699 
836 
191 
4803 
6746 
6745 
7718 
2957 
2384 
7716 
8434 
8428 
8109 
6911 
7238 
6189 
5229 
4409 
6310 
7482 
7852 
8464 
8463 
8462 
8170 
3595 
3010 
4256 
2507 
2274 
7159 
6036 
5016 
2750 
6920 
2964 
4180 
3594 
2617 
6350 
4296 
4952 
1325 
6233 
4979 
7032 
7031 
7030 
5430 
3783 
7233 
6584 
7581 
6203 
5628 
4191 
8149 
8148 
8147 
8086 
5590 
4556 
4922 
4158 
3786 
3194 
5262 
3904 
4469 
1941 
3754 
3753 
6940 
6939 
4510 
2638 
1771 
1441 
1273 
1271 
1270 
3234 
3231 
2890 
442 
82 
5458 
1416 
4370 
5294 
777 
7444 
6755 
6380 
4145 
9126 
9093 
9559 
8633 
4512 
3420 
7004 
7003 
6807 
5536 
3029 
8662 
9096 
3237 
8214 
7814 
8598 
8160 
7788 
5959 
5958 
5957 
6905 
7828 
6096 
6172 
5608 
3519 
7545 
7544 
8471 
8319 
937 
2887 
8469 
8468 
7220 
6897 
6878 
5154 
1831 
5954 
7540 
7539 
7373 
7372 
6089 
4529 
2332 
2258 
2391 
7677 
4916 
4247 
8207 
7397 
3585 
3779 
3778 
3777 
3776 
6007 
6006 
3619 
3544 
3233 
2955 
7143 
7142 
7141 
7140 
5301 
3946 
4590 
7193 
6570 
5802 
7753 
3069 
5051 
2857 
4041 
3142 
5812 
5572 
5269 
3553 
3928 
3012 
4186 
1770 
5378 
6347 
7793 
7168 
7560 
7559 
6887 
7873 
7872 
7871 
7487 
7462 
5277 
5327 
6274 
5766 
5607 
5692 
6729 
6423 
5961 
5387 
5689 
5688 
4554 
4551 
1496 
3038 
302 
5028 
2842 
1769 
7016 
5710 
7394 
4096 
6062 
6061 
4602 
6557 
7901 
4965 
3404 
5701 
2892 
3840 
6066 
5985 
5576 
6064 
6063 
5825 
5530 
3836 
5870 
5773 
4283 
4103 
3081 
3080 
5407 
5672 
5439 
3518 
5214 
3598 
4433 
151 
3613 
3797 
1447 
3533 
3532 
3862 
5564 
6107 
1232 
4003 
2115 
1515 
2594 
1612 
5674 
1088 
5550 
2640 
6263 
6275 
3948 
5699 
6786 
4347 
3774 
6752 
4743 
6316 
1741 
3100 
6770 
6768 
4257 
3113 
6901 
6240 
9556 
6985 
2832 
6057 
6946 
6944 
6650 
6649 
7930 
8727 
8726 
8968 
8924 
7488 
7468 
6153 
6152 
6151 
5620 
4615 
7928 
7927 
7655 
5883 
4326 
6308 
4195 
2647 
4371 
3741 
3671 
3669 
2841 
3458 
9271 
6779 
3498 
2108 
3239 
3804 
5592 
4782 
152 
5271 
5344 
3601 
4763 
4976 
3966 
13 
2652 
2176 
7088 
3844 
7087 
7086 
3589 
376 
606 
7156 
7392 
3568 
1988 
10804 
3520 
2937 
47 
2055 
2577 
3789 
3788 
3364 
4337 
4335 
3508 
1969 
509 
663 
662 
658 
656 
2014 
4284 
655 
2991 
5996 
5995 
5994 
5993 
5992 
5991 
5990 
5989 
2867 
7381 
7132 
4719 
588 
5131 
6472 
6302 
2252 
2722 
2290 
2550 
2325 
4653 
4651 
4204 
6383 
3808 
4821 
4334 
2907 
2718 
401 
373 
7783 
8629 
7770 
7387 
7170 
6495 
4544 
6701 
1486 
965 
1930 
6199 
7279 
5649 
7278 
7277 
2585 
2545 
2132 
3682 
4843 
6251 
7721 
6439 
7720 
4321 
2732 
3252 
1514 
3785 
8384 
7188 
5200 
2632 
5877 
5876 
5137 
1523 
3118 
7476 
9305 
6994 
6813 
6717 
3183 
1975 
1004 
3790 
5309 
4951 
4391 
7839 
7838 
5521 
4659 
4366 
2984 
6427 
2844 
3112 
5745 
5279 
4996 
2694 
2068 
4367 
1309 
341 
338 
336 
1205 
95 
2449 
8307 
7943 
7386 
6929 
1559 
1557 
3713 
3219 
1812 
2884 
910 
6487 
6322 
6065 
5809 
5465 
7594 
7593 
7463 
8393 
4241 
2350 
1852 
6052 
4706 
5997 
3145 
1714 
1547 
3440 
225 
8406 
8405 
3955 
2783 
5543 
5259 
5257 
4798 
5379 
6311 
5967 
6874 
6531 
8063 
3295 
2761 
2042 
1442 
2567 
2564 
4735 
939 
2392 
4376 
2728 
4346 
3067 
2903 
4015 
3739 
3640 
926 
8222 
8221 
8220 
8140 
7167 
6387 
8524 
6245 
5523 
5878 
1134 
2608 
7936 
72 
5165 
5164 
5163 
6391 
5199 
4478 
5555 
5391 
3250 
3023 
1554 
6434 
6327 
5645 
3938 
6917 
6324 
5949 
3429 
3419 
6759 
6524 
3347 
3032 
4305 
5797 
5434 
3117 
2988 
2987 
269 
4953 
2725 
3803 
2696 
1027 
4654 
2962 
852 
4553 
2275 
5849 
5848 
5743 
3584 
3551 
3655 
3654 
2394 
4823 
1737 
4374 
6106 
6402 
10834 
9673 
4056 
1272 
885 
3390 
3389 
245 
4063 
6721 
6720 
6719 
7971 
6718 
7970 
6455 
1912 
4918 
5542 
6292 
3407 
5281 
5280 
3550 
5350 
1022 
3849 
3848 
3847 
3846 
5796 
5575 
5679 
5678 
3749 
7056 
6167 
7055 
5579 
2941 
2190 
1641 
3835 
1638 
1637 
3696 
3478 
3340 
1216 
2173 
5613 
5124 
3168 
2566 
2362 
1449 
3812 
541 
539 
6880 
4634 
4131 
4511 
2404 
2979 
2933 
6703 
6125 
7642 
7641 
6932 
6431 
5500 
5047 
4089 
6010 
3499 
3097 
2285 
4599 
4598 
4597 
4596 
4595 
3722 
1815 
1423 
4264 
4220 
2372 
2371 
7082 
7081 
7080 
7012 
6223 
6170 
5670 
2932 
1748 
9143 
8470 
7079 
4142 
6349 
2625 
2782 
1998 
1726 
1725 
1254 
6465 
3258 
3098 
2318 
59 
4340 
3449 
1936 
4613 
1227 
808 
2589 
2030 
3353 
5643 
2344 
1036 
2864 
2180 
4559 
3408 
4251 
3322 
1810 
1526 
1947 
894 
2582 
444 
1451 
4116 
787 
4117 
5852 
4269 
3348 
5334 
5333 
4832 
1751 
3254 
3268 
414 
406 
1474 
1399 
1397 
2225 
2215 
2214 
737 
197 
1389 
3526 
3525 
3524 
501 
4629 
6620 
6619 
5604 
6496 
6555 
6554 
6553 
4509 
3359 
3076 
5397 
6381 
5707 
3462 
5760 
3270 
4218 
3414 
2954 
2468 
2341 
537 
782 
1178 
6789 
6163 
3166 
2959 
2561 
2813 
2820 
1836 
6624 
6623 
6782 
7778 
6781 
6749 
6627 
6977 
6976 
3548 
5826 
2051 
572 
6622 
6621 
6377 
4183 
4061 
3586 
4379 
5395 
5394 
5393 
5392 
5626 
122 
417 
6473 
5417 
3290 
3883 
3232 
2547 
4919 
2889 
670 
5286 
6783 
4415 
3965 
1976 
4390 
4295 
1610 
1452 
3249 
7548 
6769 
1250 
1871 
1869 
5000 
3209 
2601 
1899 
4083 
2311 
4084 
6997 
6996 
6670 
6348 
4151 
4047 
2213 
1320 
2713 
2712 
2711 
1689 
957 
2142 
2140 
1659 
3354 
2967 
818 
817 
814 
813 
4698 
1896 
5140 
3381 
2801 
2800 
2799 
5158 
5157 
5366 
5155 
1089 
532 
2762 
895 
5664 
3593 
2654 
1902 
2031 
3772 
6048 
6047 
5711 
5703 
5498 
3735 
3255 
2936 
3668 
5353 
1789 
1007 
224 
5389 
5740 
4975 
511 
1724 
1692 
3961 
2169 
1857 
3111 
5545 
4680 
4260 
3670 
4052 
6599 
6598 
6597 
6596 
6595 
6594 
6593 
6247 
7710 
5019 
6935 
3954 
3277 
3275 
3313 
2230 
4442 
4440 
4383 
4380 
3631 
3003 
629 
2798 
546 
2216 
8037 
8036 
4441 
2707 
3412 
3102 
4921 
4460 
4169 
8015 
5759 
4112 
5005 
5004 
5003 
6925 
6924 
6923 
6916 
5904 
5514 
5194 
1426 
4665 
3724 
1723 
3213 
2866 
4217 
1832 
3341 
598 
2983 
4310 
1006 
2772 
2760 
5121 
2805 
1593 
4387 
2849 
5226 
2212 
4531 
4171 
2895 
4350 
2665 
1981 
4032 
5251 
5250 
5249 
3475 
3474 
2100 
1282 
3439 
3438 
3437 
1798 
2573 
5566 
5565 
4612 
4846 
3262 
2198 
5267 
7486 
7347 
5325 
1973 
578 
2588 
4477 
3945 
3922 
7229 
4468 
3385 
2578 
2141 
3185 
1900 
6095 
4143 
3915 
3005 
2439 
334 
1892 
1891 
1889 
1888 
1064 
1063 
1059 
5319 
5054 
3984 
1264 
3072 
1133 
4258 
1813 
2636 
5371 
5273 
2924 
2554 
1267 
2466 
3486 
5328 
4845 
2565 
2539 
2705 
743 
755 
1600 
4991 
6339 
2502 
4802 
4098 
4055 
2934 
2622 
2621 
2256 
2635 
1806 
1155 
995 
994 
993 
991 
2778 
1312 
5717 
3787 
4825 
4824 
4572 
4486 
3673 
2970 
1560 
6196 
5384 
4818 
4792 
4772 
2926 
802 
1759 
1445 
2187 
2186 
2185 
1413 
1412 
1411 
1407 
1405 
420 
419 
4207 
4206 
1406 
3040 
199 
707 
5869 
1520 
2505 
1460 
7571 
5396 
4017 
2499 
2498 
1705 
739 
1427 
944 
942 
7543 
6833 
3366 
1074 
6315 
733 
2586 
2958 
1666 
4483 
4208 
2644 
2881 
5248 
2880 
2069 
2018 
4302 
3672 
3747 
3745 
3663 
3246 
2444 
4368 
1126 
5021 
3261 
3242 
4545 
4336 
4053 
3978 
1297 
810 
1127 
333 
3027 
2441 
1568 
2551 
4927 
4926 
5322 
3942 
1701 
553 
1266 
4231 
1935 
1115 
2512 
6390 
6389 
7217 
5473 
5020 
6947 
5321 
1578 
8383 
4045 
5390 
2037 
2317 
4187 
3866 
3865 
1870 
1571 
947 
2233 
1895 
3726 
3725 
3681 
1541 
2623 
2374 
4810 
1037 
1505 
1016 
785 
1439 
793 
1435 
623 
622 
618 
6026 
6025 
6024 
6023 
6022 
4943 
6021 
2896 
1078 
4690 
3940 
9826 
9536 
8309 
7592 
1865 
1864 
1862 
4856 
2420 
1408 
1138 
2097 
969 
392 
1709 
243 
48 
3184 
3033 
4703 
3496 
4176 
2646 
4618 
2398 
878 
5134 
4159 
1843 
1321 
1087 
1681 
1136 
1779 
1778 
5362 
4732 
1996 
4900 
3980 
2217 
1680 
1468 
1708 
3482 
2607 
1654 
1886 
1259 
1256 
757 
488 
1039 
284 
1233 
4008 
2845 
3004 
3885 
4389 
3715 
1858 
1501 
1338 
795 
3864 
635 
1603 
228 
216 
3108 
2297 
2803 
940 
337 
16 
66 
1855 
1473 
6491 
5840 
3539 
5009 
2699 
2698 
2168 
1911 
2606 
2251 
848 
134 
4519 
3206 
2998 
1286 
626 
6081 
6080 
6079 
6078 
3643 
5953 
5952 
5951 
5950 
5719 
4623 
4306 
4203 
3659 
3320 
3446 
1429 
6266 
6264 
5792 
5460 
4185 
3821 
1710 
1598 
313 
2493 
3492 
5784 
7431 
2259 
3165 
2513 
4887 
4886 
4885 
4884 
4883 
4882 
4881 
4880 
4879 
1915 
4764 
4109 
3746 
3171 
2553 
1977 
2568 
2235 
975 
1647 
736 
3096 
3095 
1225 
3472 
672 
710 
2240 
2777 
1213 
1700 
625 
6422 
6226 
3992 
3398 
2992 
4273 
4154 
1830 
247 
1279 
1277 
1276 
1275 
3082 
2878 
964 
7647 
6140 
888 
5684 
3560 
3260 
1729 
2366 
6146 
5169 
4940 
5492 
5491 
5490 
4242 
3853 
450 
1521 
219 
587 
1816 
1704 
772 
432 
3227 
2848 
2301 
4737 
636 
2013 
173 
3561 
3149 
667 
1420 
1351 
1350 
396 
454 
725 
724 
3008 
3007 
2070 
680 
435 
735 
919 
918 
291 
4230 
460 
2629 
907 
4359 
4358 
4357 
4539 
2491 
1230 
499 
4549 
4548 
2155 
2153 
1085 
2921 
2049 
2048 
2047 
2046 
307 
1616 
1606 
731 
4135 
1944 
1722 
1167 
2990 
1731 
1207 
1853 
100 
1240 
1239 
1237 
211 
69 
1161 
3059 
2861 
1467 
3335 
2969 
1954 
1340 
1376 
3068 
1620 
738 
7806 
5125 
2304 
2074 
7340 
3490 
3489 
3488 
2739 
2338 
2193 
544 
391 
979 
734 
4853 
4518 
3071 
3062 
459 
3430 
2064 
1797 
594 
3105 
4607 
3189 
2279 
1678 
4935 
4934 
4933 
4932 
3316 
1790 
2426 
500 
1861 
1667 
1175 
2241 
399 
2211 
730 
163 
160 
156 
36 
32 
5 
2693 
1801 
1550 
3793 
1005 
2453 
2260 
1894 
843 
518 
1961 
1960 
976 
4870 
8118 
8117 
8116 
8115 
8114 
8113 
8112 
6500 
6269 
7640 
2982 
4088 
34 
1316 
7327 
505 
1949 
1599 
1090 
1863 
1424 
477 
653 
1580 
1046 
1044 
246 
2780 
5136 
2156 
279 
4726 
3461 
1137 
293 
3709 
3708 
393 
3707 
3706 
2701 
1238 
1148 
1055 
1056 
1296 
4342 
6464 
6463 
6462 
5813 
4480 
3794 
2179 
6537 
5388 
3719 
3119 
22 
2704 
1146 
764 
324 
321 
320 
1045 
1280 
1268 
339 
2125 
2058 
5160 
5159 
4498 
2226 
159 
2476 
2473 
2472 
2471 
1160 
449 
634 
1337 
1462 
5381 
5380 
4193 
624 
2456 
1582 
1533 
552 
5574 
5002 
2946 
2885 
2223 
1962 
3547 
4238 
3683 
1566 
2519 
1854 
538 
4685 
3660 
3545 
3187 
221 
3273 
3272 
3099 
2730 
2569 
2451 
2686 
2685 
966 
602 
641 
1970 
561 
914 
665 
1562 
394 
2300 
2154 
4427 
4188 
2396 
1336 
833 
1634 
1077 
1075 
520 
1211 
921 
437 
110 
1872 
4677 
3515 
3507 
1822 
1821 
1818 
1187 
1142 
288 
33 
1530 
627 
3051 
3050 
2339 
1156 
779 
456 
249 
1304 
1303 
1302 
3467 
3024 
2821 
1471 
2525 
1983 
981 
800 
640 
440 
222 
204 
1716 
3939 
542 
3704 
3703 
2469 
1623 
900 
418 
182 
694 
469 
600 
599 
205 
257 
613 
230 
4243 
3169 
1897 
1502 
35 
1910 
1466 
332 
718 
960 
2826 
2542 
4985 
824 
513 
31 
815 
548 
436 
306 
1118 
908 
1730 
749 
1125 
353 
1917 
1916 
3911 
3451 
2599 
883 
887 
1506 
3587 
3124 
3123 
7591 
2310 
3085 
2474 
752 
619 
1662 
1648 
3869 
953 
951 
950 
949 
948 
1918 
57 
1780 
503 
517 
1047 
1032 
1926 
4694 
2776 
2447 
2121 
775 
108 
3851 
3540 
2481 
2224 
1922 
71 
494 
534 
366 
365 
364 
362 
361 
2556 
2076 
1069 
559 
471 
1261 
1260 
1083 
351 
1310 
329 
403 
63 
982 
312 
309 
294 
85 
169 
389 
86 
540 
45 
43 
42 
11 
2 
1510 
1509 
1508 
1507 
3664 
1222 
913 
589 
679 
616 
4106 
5924 
4105 
4104 
3580 
186 
1226 
2129 
2061 
4502 
4501 
4500 
2060 
1817 
711 
2689 
2688 
3235 
3136 
2888 
2208 
1968 
860 
741 
659 
1174 
1060 
701 
502 
142 
384 
383 
382 
380 
379 
378 
322 
103 
804 
330 
1084 
5795 
138 
7 
1475 
416 
323 
1011 
2939 
2938 
1365 
1244 
1995 
178 
326 
677 
1248 
3304 
1860 
1699 
821 
2378 
2377 
2375 
2248 
2072 
1728 
1108 
372 
819 
812 
579 
296 
40 
905 
3963 
3658 
1777 
455 
155 
797 
258 
55 
2075 
1249 
1403 
37 
1491 
973 
470 
359 
1848 
1288 
1278 
105 
4647 
4646 
3950 
3511 
5793 
98 
161 
203 
3896 
3895 
3894 
6111 
5331 
3893 
2376 
1352 
3371 
3370 
3369 
2590 
2571 
2508 
1868 
560 
1049 
732 
1632 
41 
1674 
1673 
1644 
551 
2454 
1921 
806 
290 
986 
209 
2010 
2009 
2008 
573 
102 
523 
522 
521 
146 
145 
53 
52 
51 
593 
2152 
310 
1629 
1628 
1627 
2768 
250 
2767 
2766 
2765 
2764 
1395 
1144 
1041 
371 
202 
933 
874 
508 
6235 
5274 
5070 
4863 
6873 
2053 
3447 
2495 
784 
388 
3019 
5179 
3018 
3017 
3016 
2961 
809 
783 
241 
208 
1469 
1346 
1345 
1344 
1343 
1342 
1341 
6368 
5443 
3456 
3083 
1994 
1880 
1878 
1877 
1876 
1875 
1874 
1873 
2349 
1964 
1190 
1992 
1574 
1532 
1014 
466 
2237 
400 
303 
217 
9 
1986 
686 
1417 
340 
6828 
4998 
614 
2202 
2201 
2200 
4507 
2199 
70 
929 
196 
193 
700 
1095 
172 
1923 
226 
5198 
1257 
720 
1182 
2808 
18 
1907 
980 
2745 
828 
2875 
2874 
2873 
2299 
1114 
325 
759 
4624 
3811 
2514 
1323 
996 
801 
44 
3307 
2981 
319 
443 
880 
879 
875 
872 
863 
79 
27 
742 
177 
1119 
1091 
1020 
646 
311 
3328 
3327 
3326 
3325 
3324 
3323 
3216 
970 
370 
1210 
715 
78 
492 
491 
490 
461 
439 
1485 
1484 
1483 
1482 
1481 
1480 
1196 
803 
612 
117 
1093 
114 
2402 
415 
1527 
834 
1217 
1982 
554 
2092 
644 
2091 
4432 
4431 
4293 
3876 
2090 
2089 
2088 
2087 
2086 
481 
478 
350 
215 
1191 
2177 
1773 
1062 
1012 
1951 
1950 
898 
2824 
282 
50 
395 
687 
643 
374 
422 
68 
67 
140 
3388 
2272 
1398 
796 
402 
1362 
884 
877 
695 
903 
363 
1802 
1733 
3148 
2794 
2320 
1879 
1636 
1034 
2478 
564 
367 
342 
1002 
1001 
1000 
999 
998 
997 
431 
149 
164 
233 
232 
368 
6 
1985 
1477 
1013 
4 
861 
978 
4815 
4141 
3527 
3423 
2347 
3269 
1099 
2188 
1251 
1221 
1247 
174 
609 
608 
74 
497 
143 
1176 
3092 
3091 
583 
10875 
10876 
10877 
10878 
Time taken: 316
