
Connnected Components are :
4 
5 
7 
9 
11 
12 
13 
14 
16 
17 
18 
20 
21 
22 
24 
25 
26 
27 
31 
37 
40 
41 
42 
43 
44 
45 
46 
47 
48 
51 
52 
53 
57 
58 
59 
60 
62 
63 
65 
66 
67 
68 
71 
73 
74 
76 
77 
78 
79 
81 
82 
83 
84 
85 
87 
88 
90 
91 
92 
96 
98 
99 
100 
101 
102 
103 
104 
106 
107 
109 
110 
111 
112 
113 
114 
115 
116 
117 
118 
119 
120 
121 
122 
123 
124 
125 
126 
128 
129 
133 
134 
136 
137 
138 
139 
141 
142 
143 
145 
146 
149 
156 
157 
158 
159 
160 
161 
162 
164 
165 
166 
169 
172 
173 
174 
176 
177 
179 
180 
181 
185 
187 
189 
190 
191 
193 
194 
195 
196 
197 
198 
199 
200 
201 
202 
203 
205 
206 
207 
208 
209 
210 
211 
212 
213 
215 
217 
218 
221 
223 
225 
231 
233 
234 
235 
237 
238 
239 
240 
241 
242 
244 
245 
247 
248 
249 
251 
253 
254 
256 
260 
263 
264 
265 
266 
267 
268 
269 
270 
275 
276 
277 
283 
284 
287 
288 
289 
292 
293 
294 
295 
296 
297 
303 
305 
307 
309 
312 
315 
316 
318 
320 
323 
326 
327 
328 
329 
330 
331 
333 
335 
336 
337 
340 
342 
343 
344 
345 
347 
351 
352 
353 
355 
357 
364 
365 
366 
367 
369 
374 
375 
376 
381 
382 
383 
384 
386 
387 
388 
393 
395 
397 
398 
399 
400 
401 
404 
408 
409 
410 
411 
412 
413 
414 
416 
418 
419 
423 
424 
426 
430 
434 
436 
437 
438 
441 
443 
444 
445 
446 
448 
449 
450 
451 
453 
454 
455 
456 
457 
458 
460 
461 
462 
463 
467 
468 
469 
472 
473 
476 
479 
480 
481 
486 
489 
490 
492 
493 
494 
495 
497 
498 
499 
501 
502 
504 
507 
509 
511 
513 
516 
519 
520 
521 
522 
523 
527 
528 
529 
530 
531 
532 
534 
536 
539 
540 
541 
542 
543 
544 
546 
547 
548 
550 
551 
552 
553 
555 
556 
557 
558 
561 
562 
563 
568 
569 
570 
571 
572 
573 
574 
576 
577 
578 
580 
582 
583 
585 
588 
591 
593 
594 
595 
596 
597 
598 
599 
602 
605 
610 
612 
614 
615 
620 
621 
625 
632 
634 
635 
638 
639 
640 
641 
642 
646 
648 
649 
651 
652 
653 
654 
655 
661 
662 
666 
669 
672 
676 
678 
679 
683 
688 
689 
690 
692 
693 
695 
698 
699 
701 
703 
708 
709 
711 
712 
713 
716 
718 
720 
721 
724 
726 
727 
728 
729 
731 
732 
734 
735 
736 
738 
745 
751 
752 
753 
754 
755 
758 
759 
766 
767 
768 
770 
772 
773 
774 
775 
776 
780 
781 
782 
783 
785 
786 
787 
788 
792 
796 
799 
800 
801 
804 
807 
808 
811 
812 
814 
815 
816 
818 
819 
821 
824 
830 
831 
832 
835 
841 
842 
843 
845 
847 
848 
850 
851 
854 
855 
860 
862 
865 
867 
869 
870 
872 
874 
876 
877 
879 
880 
883 
886 
888 
889 
890 
891 
892 
898 
899 
900 
902 
905 
909 
910 
911 
912 
914 
915 
916 
917 
919 
920 
921 
923 
924 
926 
927 
931 
933 
940 
944 
949 
950 
951 
954 
957 
961 
962 
964 
965 
969 
970 
973 
976 
980 
984 
986 
987 
988 
990 
992 
996 
998 
1001 
1002 
1003 
1004 
1005 
1008 
1009 
1010 
1011 
1013 
1016 
1017 
1019 
1021 
1025 
1027 
1028 
1033 
1037 
1040 
1041 
1042 
1045 
1046 
1047 
1048 
1050 
1051 
1052 
1058 
1059 
1063 
1064 
1065 
1066 
1067 
1068 
1070 
1071 
1072 
1078 
1079 
1081 
1082 
1083 
1084 
1085 
1086 
1087 
1088 
1089 
1090 
1093 
1094 
1095 
1096 
1098 
1099 
1101 
1102 
1104 
1105 
1106 
1107 
1108 
1109 
1110 
1112 
1113 
1115 
1120 
1126 
1129 
1130 
1132 
1133 
1134 
1135 
1138 
1139 
1142 
1143 
1145 
1146 
1147 
1148 
1150 
1155 
1158 
1161 
1169 
1170 
1171 
1172 
1173 
1174 
1175 
1176 
1177 
1178 
1179 
1180 
1181 
1182 
1183 
1184 
1187 
1188 
1189 
1194 
1195 
1197 
1198 
1202 
1204 
1205 
1206 
1207 
1208 
1209 
1210 
1212 
1213 
1214 
1215 
1216 
1219 
1223 
1224 
1225 
1226 
1227 
1228 
1229 
1231 
1233 
1235 
1237 
1238 
1242 
1244 
1245 
1246 
1252 
1254 
1255 
1256 
1257 
1258 
1262 
1264 
1268 
1269 
1271 
1272 
1273 
1274 
1275 
1276 
1278 
1280 
1281 
1290 
1292 
1293 
1294 
1295 
1298 
1299 
1300 
1301 
1302 
1303 
1304 
1306 
1308 
1309 
1311 
1312 
1313 
1314 
1316 
1317 
1318 
1320 
1324 
1325 
1327 
1328 
1329 
1331 
1332 
1333 
1334 
1335 
1336 
1337 
1338 
1339 
1340 
1341 
1342 
1343 
1344 
1345 
1346 
1349 
1350 
1351 
1354 
1355 
1356 
1358 
1359 
1361 
1362 
1365 
1366 
1367 
1368 
1369 
1370 
1373 
1376 
1379 
1380 
1381 
1383 
1386 
1387 
1388 
1391 
1392 
1395 
1397 
1398 
1399 
1400 
1401 
1404 
1405 
1406 
1408 
1409 
1410 
1421 
1422 
1423 
1424 
1426 
1427 
1429 
1430 
1431 
1433 
1434 
1436 
1438 
1440 
1443 
1445 
1447 
1448 
1449 
1450 
1451 
1452 
1454 
1455 
1456 
1457 
1458 
1459 
1460 
1461 
1462 
1463 
1466 
1467 
1469 
1470 
1474 
1480 
1481 
1483 
1488 
1494 
1495 
1499 
1500 
1502 
1503 
1504 
1505 
1509 
1511 
1512 
1515 
1516 
1517 
1519 
1522 
1523 
1526 
1527 
1528 
1529 
1530 
1535 
1536 
1539 
1540 
1541 
1543 
1545 
1546 
1551 
1552 
1553 
1554 
1558 
1559 
1560 
1561 
1568 
1570 
1572 
1574 
1575 
1576 
1578 
1579 
1582 
1584 
1588 
1589 
1590 
1591 
1594 
1599 
1601 
1602 
1605 
1606 
1607 
1609 
1611 
1614 
1615 
1616 
1617 
1620 
1623 
1625 
1626 
1627 
1630 
1631 
1632 
1634 
1635 
1639 
1642 
1643 
1644 
1645 
1647 
1650 
1651 
1655 
1656 
1659 
1660 
1663 
1665 
1666 
1667 
1668 
1670 
1671 
1674 
1675 
1676 
1677 
1681 
1682 
1683 
1684 
1685 
1686 
1690 
1691 
1693 
1694 
1695 
1696 
1698 
1699 
1703 
1704 
1708 
1709 
1710 
1711 
1712 
1713 
1715 
1719 
1720 
1721 
1722 
1724 
1725 
1728 
1731 
1735 
1736 
1737 
1738 
1739 
1740 
1741 
1742 
1743 
1745 
1748 
1751 
1753 
1755 
1756 
1759 
1760 
1761 
1762 
1763 
1764 
1765 
1766 
1767 
1773 
1775 
1778 
1782 
1784 
1785 
1789 
1790 
1794 
1795 
1796 
1797 
1800 
1803 
1804 
1806 
1807 
1809 
1810 
1812 
1813 
1820 
1821 
1822 
1825 
1826 
1827 
1828 
1829 
1830 
1831 
1832 
1834 
1838 
1839 
1840 
1841 
1844 
1845 
1846 
1852 
1853 
1856 
1860 
1862 
1863 
1866 
1867 
1868 
1869 
1870 
1871 
1872 
1873 
1874 
1875 
1876 
1879 
1881 
1882 
1883 
1885 
1886 
1887 
1889 
1890 
1891 
1892 
1894 
1895 
1896 
1897 
1899 
1900 
1902 
1905 
1906 
1907 
1909 
1911 
1912 
1913 
1914 
1916 
1917 
1921 
1922 
188 
1923 
1924 
1925 
1926 
1928 
1929 
1930 
1931 
1932 
1933 
1934 
1937 
1938 
1939 
1940 
1941 
1943 
1944 
1945 
1946 
1947 
1948 
1951 
1952 
1958 
1959 
1960 
1962 
1967 
1968 
1971 
1975 
1976 
1978 
1980 
1981 
1986 
1988 
1989 
1993 
1994 
1995 
1996 
2000 
2002 
2003 
2005 
2008 
2009 
2010 
2011 
2012 
2013 
2015 
2017 
2018 
2019 
2020 
2021 
2023 
2024 
2025 
2026 
2027 
2028 
2029 
2030 
2031 
2032 
2033 
2034 
2035 
2036 
2037 
2038 
2040 
2041 
2042 
2044 
2045 
2047 
2049 
2050 
2051 
2052 
2054 
2056 
2057 
2058 
2059 
2061 
2063 
2064 
2065 
2067 
2068 
2070 
2077 
2081 
2082 
2084 
2086 
2087 
2088 
2089 
2090 
2093 
2094 
2096 
2099 
2092 
2100 
2103 
2104 
2105 
2108 
2110 
2111 
2113 
2115 
2118 
2125 
2126 
2127 
2130 
2131 
2132 
2136 
2138 
2139 
2141 
2142 
2143 
2146 
2147 
2148 
2149 
2150 
2152 
2153 
2155 
2156 
2159 
2161 
2164 
2167 
2169 
2170 
2171 
2172 
2173 
2175 
2176 
2177 
2179 
2180 
2183 
2184 
2186 
2187 
2188 
2189 
2190 
2191 
2192 
2194 
2196 
2197 
2198 
2199 
2200 
2201 
2203 
2204 
2212 
2213 
2214 
2215 
2216 
2217 
2218 
2219 
2221 
2222 
2224 
2226 
2227 
2228 
2230 
2232 
2235 
2236 
2238 
2239 
2243 
2249 
2250 
2254 
2255 
2259 
2260 
2261 
2262 
2265 
2266 
2267 
2268 
2269 
2270 
2272 
2274 
2278 
2280 
1664 
2282 
2283 
2286 
2287 
2288 
2291 
2292 
2293 
2295 
2296 
2298 
2299 
2300 
2301 
2302 
2304 
2305 
2306 
2308 
2309 
2310 
2311 
2312 
2313 
2314 
2315 
2316 
2317 
2318 
2319 
2320 
2321 
2330 
2331 
2334 
2335 
2336 
2337 
2343 
2344 
2346 
2349 
2351 
2352 
2353 
2355 
2357 
2359 
2360 
2361 
2363 
2367 
2368 
2370 
2372 
2373 
2374 
2379 
2380 
2382 
2387 
2388 
2389 
2390 
2391 
2392 
2393 
2394 
2395 
2396 
2399 
2401 
2402 
2403 
2404 
2405 
2406 
2407 
2412 
2413 
2414 
2415 
2417 
2418 
2419 
2420 
2424 
2427 
2428 
2429 
2434 
2437 
2438 
2439 
2441 
2442 
2443 
2444 
2445 
2446 
2447 
2448 
2449 
2450 
2451 
2452 
2453 
2454 
2455 
2457 
2458 
2459 
2460 
2461 
2462 
2463 
2464 
2465 
2466 
2467 
2469 
2471 
2472 
2473 
2476 
2477 
2478 
2480 
2481 
2482 
2487 
2488 
2489 
2491 
2492 
2493 
2494 
2495 
2496 
2497 
2498 
2500 
2502 
2503 
2505 
2509 
2512 
2513 
2514 
2515 
2518 
2519 
2520 
2521 
2522 
2523 
2524 
2526 
2527 
2528 
2529 
2530 
2531 
2534 
2536 
2537 
2538 
2540 
2541 
2543 
2545 
2546 
2548 
2549 
2551 
2555 
2556 
2557 
2558 
2559 
2561 
2562 
2563 
2564 
2566 
2567 
2568 
2569 
2572 
2573 
2574 
2577 
2578 
2581 
2582 
2583 
2584 
2586 
2596 
2598 
2603 
2606 
2608 
2609 
2610 
2611 
2613 
2614 
2615 
2616 
2621 
2624 
2626 
2627 
2628 
2630 
2631 
2632 
2633 
2634 
2635 
2636 
2637 
2639 
2640 
2641 
2642 
2644 
2648 
2365 
2649 
2656 
2659 
2661 
2663 
2664 
2668 
2671 
2673 
2675 
2676 
2677 
2678 
2680 
2682 
2683 
2684 
2688 
2690 
2691 
2692 
2694 
2695 
2698 
2699 
2701 
2702 
2703 
2704 
2705 
2706 
2709 
2711 
2715 
2716 
2717 
2718 
2719 
2722 
2723 
2725 
2728 
2729 
2730 
2731 
2733 
2734 
2737 
2738 
2739 
2740 
2741 
2744 
2748 
2749 
2752 
2753 
2755 
2757 
2758 
2759 
2761 
2762 
2766 
2767 
2769 
2771 
2772 
2773 
2776 
2778 
2779 
2780 
2782 
2783 
2784 
2786 
2788 
2789 
2791 
2792 
2793 
2796 
2802 
2803 
2804 
2807 
2808 
2813 
2817 
2823 
2824 
2826 
2827 
2832 
2833 
2835 
2839 
2840 
2841 
2842 
2845 
2846 
2847 
2848 
2849 
2850 
2852 
2853 
2855 
2857 
2858 
2860 
2861 
2862 
2863 
2864 
2865 
2866 
2867 
2868 
2869 
2870 
2872 
2875 
2876 
2879 
2881 
2882 
2883 
2884 
2885 
2886 
2887 
2888 
2889 
2890 
2891 
2892 
2893 
2894 
2895 
2896 
2898 
2899 
2901 
2903 
2904 
2905 
2906 
2907 
2908 
2913 
2916 
2919 
2921 
2924 
2929 
2930 
2931 
2933 
2935 
2936 
2938 
2939 
2941 
2944 
2945 
2947 
2948 
2949 
2950 
2952 
2953 
2954 
2957 
2960 
2961 
2962 
2964 
2965 
2967 
2969 
2970 
2971 
2975 
2976 
2978 
2980 
2982 
2983 
2985 
2986 
2987 
2988 
2989 
2992 
2994 
2995 
2998 
3001 
3003 
3004 
3006 
3008 
3011 
3012 
3013 
3016 
3017 
3019 
3022 
3025 
3031 
3032 
3035 
3037 
3038 
3039 
3040 
3041 
3042 
3043 
3044 
3046 
3047 
3048 
3049 
3051 
3052 
3053 
3054 
3055 
3057 
3060 
3061 
3062 
3063 
3066 
3070 
3071 
3072 
3074 
3075 
3076 
3077 
3078 
3081 
3083 
3085 
3086 
3087 
3088 
3090 
3091 
3093 
3094 
3095 
3096 
3097 
3098 
3101 
3102 
3107 
3108 
3110 
3111 
3112 
3113 
3115 
3118 
3119 
3120 
3123 
3124 
3127 
3128 
3129 
3131 
3132 
3133 
3134 
3135 
3137 
3142 
3143 
3146 
3147 
3149 
3151 
3152 
3153 
3154 
3156 
3158 
3159 
3160 
3162 
3163 
3165 
3166 
3167 
3168 
3169 
3172 
3174 
3175 
3176 
3181 
3182 
3183 
3184 
3185 
3186 
3187 
3188 
3189 
3190 
3194 
3195 
3196 
3197 
3198 
3199 
3202 
3203 
3204 
3206 
3207 
3208 
3209 
3210 
3211 
3212 
3213 
3214 
3215 
3216 
3217 
3218 
3219 
3220 
3221 
3222 
3223 
3224 
3225 
3226 
3227 
3228 
3229 
3230 
3231 
3232 
3233 
3234 
3239 
3240 
3241 
3242 
3244 
3245 
3246 
3247 
3248 
3249 
3250 
3252 
3257 
3259 
3261 
3262 
3263 
3264 
3267 
3268 
3269 
3270 
3272 
3273 
3275 
3277 
3278 
3279 
3280 
3281 
3282 
3288 
3290 
3292 
3294 
3296 
3298 
3299 
3300 
3302 
3303 
3304 
3305 
3306 
3311 
3312 
3314 
3315 
3316 
3317 
3318 
3322 
3323 
3325 
3326 
3331 
3332 
3333 
3335 
3339 
3340 
3341 
3342 
3343 
3344 
3345 
3349 
3350 
3353 
3354 
3355 
3356 
3357 
3358 
3359 
3360 
3361 
3362 
3366 
3367 
3368 
3369 
3370 
3373 
3374 
3375 
3377 
3378 
3379 
3380 
3382 
3383 
3384 
3385 
3386 
3388 
3389 
3390 
3391 
3392 
3395 
3396 
3397 
3398 
3399 
3400 
3401 
3402 
3403 
3405 
3406 
3407 
3411 
3412 
3416 
3418 
3422 
3423 
3424 
3425 
3426 
3427 
3434 
3436 
3437 
3438 
3440 
3441 
3444 
3445 
3448 
3449 
3450 
3451 
3457 
3462 
3466 
3467 
3468 
3469 
3470 
3471 
3472 
3475 
3477 
3478 
3481 
3482 
3487 
3488 
3490 
3491 
3492 
3493 
3494 
3495 
3496 
3497 
3499 
3500 
3504 
3508 
3509 
3510 
3511 
3512 
3513 
3514 
3515 
3518 
3519 
3521 
3522 
3523 
3524 
3525 
3526 
3527 
3528 
3530 
3531 
3532 
3535 
3536 
3539 
3540 
3542 
3543 
3544 
3545 
3550 
3551 
3552 
3553 
3558 
3560 
3561 
3563 
3564 
3565 
3566 
3569 
3571 
3577 
3578 
3579 
3581 
3582 
3583 
3584 
3585 
3589 
3590 
3591 
3593 
3594 
554 
3595 
3596 
3597 
3598 
3599 
3600 
3601 
3602 
3603 
3604 
3605 
3606 
3610 
3611 
3613 
3617 
3618 
3619 
3620 
3621 
3622 
3624 
3625 
3628 
3630 
3632 
3633 
3636 
3637 
3638 
3639 
3640 
3641 
3642 
3647 
3648 
3649 
3651 
3652 
3653 
3654 
3655 
3656 
3657 
3658 
3659 
3662 
3663 
3665 
3666 
3667 
3668 
3673 
3674 
3675 
3676 
3677 
3678 
3679 
3682 
3683 
3684 
3685 
3686 
3687 
3688 
3689 
3690 
3692 
3693 
3694 
3695 
3696 
3697 
3698 
3700 
3701 
3702 
3703 
3704 
3705 
3706 
3707 
3708 
3709 
3711 
3712 
3714 
3715 
3718 
3719 
3722 
3723 
3725 
3727 
3728 
3729 
3730 
3731 
3733 
3735 
3742 
3743 
3744 
3746 
3747 
3749 
3750 
3751 
3753 
3754 
3757 
3758 
3759 
3760 
3761 
3762 
3763 
3764 
3765 
3766 
3767 
3771 
3774 
3775 
3777 
3779 
3780 
3781 
3782 
3783 
3784 
3786 
3788 
3791 
3794 
3795 
3798 
3799 
3801 
3802 
3805 
3810 
3814 
3815 
3817 
3819 
3821 
3823 
3824 
3827 
3829 
3833 
3834 
3836 
3837 
3839 
3840 
3841 
3844 
3845 
3848 
3850 
3851 
3855 
3858 
3862 
3863 
3864 
3865 
3869 
3870 
3872 
3876 
3877 
3878 
3881 
3882 
3883 
3886 
3889 
3890 
3891 
3894 
3895 
3896 
3900 
3901 
3902 
3904 
3905 
3906 
3907 
3909 
3916 
3917 
3918 
3920 
3923 
3924 
3925 
3927 
3928 
3929 
3930 
3931 
3932 
3935 
3936 
3941 
3943 
3944 
3945 
3947 
3948 
3952 
3953 
3954 
3955 
3957 
3959 
3960 
3961 
3963 
3964 
3965 
3966 
3968 
3977 
3978 
3979 
3981 
3982 
3983 
3984 
3985 
3986 
3987 
3989 
3990 
3991 
3992 
3995 
3997 
3998 
4000 
4001 
4005 
4006 
4007 
4008 
4010 
4015 
4016 
4019 
4020 
4023 
4025 
4026 
4027 
4028 
4034 
4035 
4036 
4038 
4039 
4042 
4045 
4046 
4048 
4050 
4053 
4056 
4057 
4059 
4061 
4062 
4063 
4064 
4066 
4067 
4069 
4070 
4073 
4074 
4075 
4076 
852 
4077 
4079 
4080 
4082 
4083 
4085 
4086 
4089 
4090 
4091 
4092 
4093 
4095 
4096 
4097 
4100 
4104 
4105 
4106 
4107 
4108 
4109 
4116 
4119 
4120 
4121 
4122 
4123 
4125 
4126 
4128 
4129 
4130 
4131 
4132 
4133 
4135 
4136 
4137 
4139 
4140 
4141 
4142 
4143 
4144 
4145 
4146 
4147 
4148 
4149 
4150 
4151 
4152 
4153 
4154 
4155 
4159 
4163 
4164 
4165 
4166 
4167 
4168 
4169 
4170 
4174 
4176 
4177 
4178 
4180 
4184 
4185 
4186 
291 
4187 
4190 
4192 
4194 
4195 
4197 
4198 
4200 
4202 
4203 
4204 
4205 
4206 
4207 
4208 
4209 
4210 
4213 
4214 
4215 
4217 
4221 
4222 
4223 
4224 
4225 
4228 
4229 
4232 
4236 
4237 
4238 
4240 
4241 
4242 
4243 
4244 
4245 
4246 
4248 
4249 
4250 
4251 
4252 
4255 
4257 
4259 
4260 
4264 
4267 
4273 
4274 
4275 
4277 
4278 
4279 
4280 
4282 
4283 
4284 
4285 
4291 
4292 
4295 
4296 
4304 
4305 
4306 
4307 
4308 
4312 
4313 
4314 
4316 
4317 
4318 
4319 
4320 
4321 
4322 
4324 
4325 
4326 
4327 
4328 
4329 
4333 
4334 
4336 
4337 
4340 
4342 
4343 
4344 
4345 
4346 
4347 
4348 
4352 
4353 
4354 
4357 
4358 
4360 
4362 
4363 
4364 
4366 
4368 
4369 
4370 
4371 
4372 
4375 
4377 
4378 
4379 
4380 
4381 
4382 
4383 
4389 
4393 
4394 
4395 
4396 
4397 
4398 
4399 
4404 
4405 
4406 
4407 
4408 
4409 
4413 
4414 
4415 
4416 
4418 
4423 
4425 
4426 
4427 
4428 
4429 
4430 
4431 
4433 
4434 
4436 
4437 
4438 
4439 
4440 
4442 
4443 
4444 
4445 
4446 
4447 
4449 
4450 
4451 
4452 
4454 
4455 
4456 
4457 
4458 
4459 
4460 
4461 
4462 
4464 
4465 
4467 
4469 
4470 
4473 
4474 
4475 
4476 
4477 
4478 
4479 
4486 
4487 
4489 
4490 
4491 
4492 
4493 
4494 
4495 
4496 
4497 
4498 
4502 
4503 
4504 
4508 
4509 
4511 
4516 
4521 
4523 
4524 
4526 
4532 
4533 
4535 
4538 
4539 
4540 
4541 
4542 
4543 
4544 
4545 
4553 
4554 
4555 
4556 
4560 
4563 
4564 
4565 
4566 
4567 
4568 
4569 
4575 
4576 
4577 
4581 
4582 
4586 
4591 
4592 
4593 
4594 
4595 
4596 
4597 
4598 
4599 
4601 
4602 
4603 
4607 
4608 
4609 
4611 
4612 
4615 
4616 
4617 
4618 
4619 
4622 
4623 
4624 
4626 
4627 
4629 
4630 
4633 
4635 
4636 
4638 
4640 
4641 
4644 
4647 
4649 
4651 
4652 
4655 
4659 
4660 
4663 
4664 
4665 
4667 
4668 
4669 
4670 
4671 
4672 
4673 
4674 
4675 
4681 
4682 
4683 
4686 
4688 
4692 
4693 
4694 
4695 
4696 
4697 
4698 
4699 
4700 
4701 
4702 
4703 
4704 
4705 
4707 
4708 
4710 
4711 
4714 
4716 
4718 
4720 
4721 
4723 
4725 
4726 
4727 
4733 
4736 
4737 
4738 
4739 
4740 
4741 
4742 
4743 
4744 
4745 
4746 
4749 
4750 
4751 
4752 
4753 
4754 
4755 
4756 
4757 
4759 
4760 
4761 
4762 
4763 
4765 
4766 
4767 
4771 
4773 
4774 
4782 
4785 
4787 
4788 
4789 
4790 
4793 
4794 
4799 
4800 
4801 
4803 
4804 
4805 
4806 
4807 
4810 
4813 
4816 
4817 
4818 
4819 
4821 
4823 
4825 
4826 
4829 
4830 
4832 
4833 
4834 
4835 
4836 
4837 
4838 
4839 
4840 
4841 
4842 
4843 
4844 
4845 
4847 
4848 
4849 
4850 
4851 
4852 
4853 
4854 
4855 
4856 
4857 
4858 
4859 
4860 
4861 
4862 
4863 
4864 
4867 
4868 
4869 
4870 
4871 
4872 
4873 
4874 
4881 
4882 
4883 
4885 
4889 
4890 
4891 
4893 
4894 
4896 
4897 
4898 
4900 
4901 
4903 
4904 
4905 
4906 
4908 
4909 
4910 
4911 
4912 
4913 
4914 
4915 
4916 
4917 
4918 
4919 
4920 
4921 
4922 
4923 
4924 
4925 
4926 
4927 
4931 
4932 
4933 
4935 
4936 
4937 
4943 
4945 
4947 
4948 
4950 
4951 
4952 
4957 
4960 
4963 
4965 
4967 
4969 
4970 
4971 
4972 
4973 
4974 
4975 
4976 
4978 
4979 
4982 
4985 
4988 
4989 
4995 
4996 
5000 
5001 
5003 
5005 
5006 
5008 
5009 
5010 
5011 
5013 
5015 
5016 
5017 
5018 
5019 
5024 
5029 
5031 
5032 
5035 
5036 
5038 
5039 
5040 
5046 
5047 
5048 
5050 
5051 
5052 
5053 
5054 
5057 
5059 
5060 
5062 
5063 
5065 
5067 
5068 
5069 
5070 
5071 
5077 
5078 
5080 
5081 
5084 
5085 
5086 
5087 
5088 
5089 
5090 
5091 
5093 
5095 
5097 
5098 
5099 
5102 
5104 
5105 
5109 
5110 
5111 
5112 
5114 
5116 
5117 
5118 
5119 
5122 
5124 
5125 
5126 
5127 
5128 
5129 
5135 
5136 
5138 
5139 
5142 
5143 
5150 
5151 
5152 
5153 
5154 
5158 
5159 
5160 
5161 
5163 
5164 
5166 
5167 
5171 
5172 
5173 
5174 
5175 
5180 
5181 
5183 
5184 
5185 
5186 
5187 
5190 
5191 
5192 
5193 
5194 
5195 
5196 
5197 
5198 
5201 
5202 
5203 
5207 
5209 
5213 
5214 
5216 
5217 
5218 
5219 
5220 
5221 
5224 
5225 
5227 
5228 
5229 
5230 
5232 
5238 
5241 
5242 
5243 
5244 
5247 
5248 
5249 
5250 
5251 
5252 
5261 
5264 
5265 
5269 
5275 
5276 
5277 
5278 
5280 
5281 
5282 
5283 
5284 
5286 
5287 
5290 
5291 
5294 
5299 
5300 
5313 
5314 
5315 
5316 
5317 
5320 
5322 
5324 
5328 
5329 
5330 
5332 
5333 
5334 
5336 
5337 
5339 
5342 
5343 
5344 
5345 
5346 
5347 
5348 
5352 
5353 
5355 
5356 
5357 
5358 
5360 
5361 
5365 
5366 
5367 
5370 
5371 
5372 
5373 
5374 
5376 
5377 
5380 
5381 
5382 
5385 
5386 
5390 
5391 
5395 
5396 
5397 
5398 
5399 
5400 
5401 
5405 
5410 
5413 
5414 
5416 
5418 
5419 
5422 
5424 
5427 
5428 
5429 
5431 
5435 
5436 
5438 
5440 
5446 
5447 
5448 
5455 
5456 
5460 
5461 
5462 
5468 
5472 
5473 
5474 
5475 
5476 
5477 
5478 
5480 
5483 
5485 
5486 
5488 
5489 
5490 
5491 
5494 
5495 
5496 
5497 
5501 
5503 
5504 
5505 
5507 
5508 
5510 
5512 
5515 
5516 
5517 
5518 
5519 
5520 
5521 
5522 
5523 
5525 
5526 
5528 
5530 
5531 
5532 
5534 
5535 
5536 
5537 
5540 
5541 
5542 
5544 
5548 
5549 
5550 
5551 
5552 
5553 
5554 
5555 
5558 
5561 
5562 
5565 
5566 
5567 
5571 
5572 
5573 
5576 
5577 
5578 
5579 
5580 
5581 
5583 
5587 
5589 
5590 
5591 
5594 
5595 
5598 
5599 
5600 
5601 
5602 
5603 
5604 
5606 
5607 
5608 
5609 
5610 
5611 
5612 
5613 
5615 
5616 
5617 
5622 
5625 
5627 
5628 
5629 
5631 
5633 
5636 
5644 
5645 
5646 
5647 
5648 
5649 
5652 
5653 
5656 
5657 
5658 
5659 
5660 
5661 
5662 
5666 
5667 
5668 
5669 
5670 
5674 
5675 
5676 
5678 
5679 
5682 
5685 
5686 
5687 
5688 
5689 
5690 
5691 
5692 
5695 
5696 
5698 
5702 
5703 
5704 
5707 
5708 
5710 
5711 
5712 
5717 
5718 
5720 
5722 
5726 
5729 
5730 
5731 
5733 
5735 
5741 
5744 
5746 
5747 
5748 
5749 
5750 
5751 
5752 
5755 
5761 
5763 
5764 
5765 
5766 
5767 
5768 
5769 
5770 
5771 
5774 
5781 
5783 
5785 
5786 
5787 
5788 
5789 
5794 
5796 
5797 
5803 
5805 
5808 
5810 
5813 
5815 
5816 
5820 
5821 
5823 
5833 
5834 
5836 
5840 
5841 
5842 
5846 
5852 
5853 
5854 
5855 
5856 
5857 
5859 
5861 
5862 
5864 
5866 
5868 
5873 
5874 
5875 
5876 
5877 
5878 
5883 
5884 
5885 
5888 
5889 
5890 
5892 
5895 
5896 
5899 
5903 
5907 
5908 
5909 
5910 
5911 
5913 
5914 
5915 
5916 
5917 
5919 
5920 
5921 
5923 
5924 
5927 
5930 
5934 
5935 
5937 
5938 
5939 
5940 
5941 
5942 
5943 
5944 
5945 
5946 
5949 
5952 
5958 
5959 
5960 
5961 
5962 
5964 
5965 
5966 
5967 
5970 
5971 
5978 
5981 
5982 
5983 
5984 
5985 
5986 
5987 
5988 
5989 
5990 
5992 
5993 
5995 
5997 
5999 
6002 
6003 
6005 
6007 
6013 
6014 
6015 
6016 
6017 
6018 
6019 
6020 
6022 
6024 
6025 
6026 
6028 
6030 
6031 
6033 
6034 
6035 
6036 
6037 
6038 
6039 
6042 
6045 
6046 
6048 
6049 
6050 
6051 
6052 
6053 
6056 
6057 
6058 
6060 
6061 
6062 
6063 
6064 
6066 
6067 
6068 
6069 
6070 
6071 
6072 
6073 
6074 
6075 
6077 
6079 
6081 
6082 
6089 
6090 
6091 
6092 
6093 
6100 
6101 
6108 
6112 
6113 
6114 
6116 
6118 
6119 
6120 
6121 
6126 
6127 
6128 
6129 
6132 
6133 
6134 
6135 
6139 
6141 
6142 
6143 
6144 
6145 
6146 
6147 
6150 
6152 
6153 
6155 
6157 
6158 
6160 
6165 
6168 
6169 
6175 
6176 
6177 
6178 
6179 
6180 
6181 
6182 
6183 
6184 
6185 
6186 
6187 
6188 
6190 
6191 
6192 
6193 
6196 
6197 
6199 
6200 
6201 
6202 
6203 
6204 
6205 
6206 
6207 
6208 
6212 
6213 
6214 
6215 
6216 
6217 
6219 
6220 
5177 
6222 
6223 
6224 
6228 
6230 
6232 
6236 
6239 
6240 
6242 
6244 
6245 
6247 
6248 
6252 
6253 
6254 
6258 
6259 
6263 
6264 
6265 
6266 
6267 
6271 
6273 
6274 
6275 
6276 
6281 
6282 
6286 
6287 
6288 
6291 
6292 
6293 
6294 
6295 
6297 
6298 
6301 
6304 
6312 
6313 
6314 
6315 
6316 
6317 
6319 
6324 
6325 
6326 
6331 
6332 
6333 
6339 
6346 
6348 
6349 
6350 
6351 
6355 
6356 
6359 
6366 
6367 
6371 
6374 
6375 
6377 
6378 
6379 
6380 
6381 
6383 
6387 
6389 
6391 
6392 
6393 
6394 
6395 
6396 
6397 
6398 
6399 
6406 
6408 
6410 
6411 
6412 
6413 
6415 
6416 
6423 
6426 
6428 
6429 
6430 
6431 
6436 
6439 
6440 
6443 
6444 
6445 
6446 
6448 
6450 
6451 
6452 
6453 
6454 
6455 
6456 
6457 
6459 
6460 
6461 
6466 
6467 
6468 
6469 
6470 
6471 
6477 
6478 
6479 
6480 
6483 
6484 
6485 
6486 
6487 
6488 
6489 
6490 
6492 
6493 
6494 
6495 
6497 
6500 
6502 
6504 
6506 
6507 
6508 
6509 
6510 
6513 
6514 
6515 
6516 
6517 
6518 
6519 
6520 
6521 
6522 
6524 
6525 
6526 
6527 
6533 
6534 
6535 
6536 
6537 
6538 
6539 
6541 
6542 
6544 
6545 
6546 
6547 
6548 
6550 
6551 
6561 
6563 
6565 
6572 
6573 
6574 
6575 
6577 
6578 
6579 
6580 
6581 
6582 
6583 
6584 
6585 
6586 
6587 
6588 
6598 
6601 
6602 
6603 
6604 
6605 
6607 
6608 
6609 
6612 
6614 
6615 
6616 
6617 
6619 
6620 
6622 
6623 
6625 
6626 
6627 
6630 
6633 
6635 
6636 
6638 
6639 
6643 
6644 
6645 
6646 
6647 
6648 
6649 
6650 
6651 
6652 
6653 
6654 
6655 
6656 
6657 
6658 
6660 
6666 
6671 
6672 
6673 
6674 
6675 
6676 
6677 
6678 
6679 
6681 
6683 
6684 
6687 
6688 
6689 
6690 
6692 
6695 
6696 
6697 
6698 
6701 
6702 
6703 
6705 
6706 
6710 
6711 
6713 
6717 
6718 
6719 
6726 
6727 
6728 
6729 
6730 
6731 
6732 
6734 
6735 
6738 
6744 
6745 
6746 
6747 
6749 
6751 
6752 
6753 
6757 
6758 
6760 
6761 
6764 
6766 
6767 
6768 
6771 
6773 
6775 
6776 
6779 
6781 
6782 
6787 
6791 
6793 
6794 
6795 
6797 
6798 
6800 
6801 
6802 
6804 
6807 
6808 
6810 
6811 
6812 
6815 
6816 
6818 
6819 
6821 
6822 
6824 
6828 
6829 
6834 
6835 
6836 
6837 
6841 
6842 
6843 
6844 
6845 
6846 
6847 
6848 
6852 
6854 
6856 
6859 
6861 
6862 
6863 
6864 
6865 
6866 
6867 
6870 
6871 
6876 
6877 
6878 
6880 
6881 
6883 
6884 
6885 
6886 
6889 
6895 
6896 
6899 
6900 
6902 
6903 
6904 
6905 
6906 
6908 
6909 
6910 
6911 
6912 
6915 
6916 
6921 
6922 
6926 
6927 
6928 
6929 
6935 
6936 
6940 
6941 
6943 
6947 
6949 
6954 
6958 
6959 
6960 
6961 
6962 
6963 
6968 
6969 
6971 
6972 
6974 
6975 
6978 
6981 
6984 
6985 
6986 
6990 
6991 
6995 
6996 
6998 
6999 
7000 
7001 
7002 
7003 
7004 
7006 
7007 
7008 
7009 
7010 
7011 
7013 
7014 
7015 
7016 
7017 
7018 
7019 
7020 
7022 
7024 
7025 
7026 
7027 
7028 
7029 
7030 
7031 
7032 
7033 
7034 
7035 
7036 
7037 
7038 
7041 
7043 
7044 
7045 
7046 
7048 
7049 
7051 
7053 
7055 
7056 
7057 
7061 
7064 
7065 
7070 
7071 
7072 
7079 
7080 
7082 
7084 
7085 
7086 
7087 
7089 
7090 
7095 
7096 
7098 
7099 
7100 
7103 
7104 
7106 
7107 
7109 
7111 
7112 
7113 
7114 
7117 
7118 
7121 
7122 
7123 
7124 
7125 
7126 
7127 
7128 
7129 
7130 
7132 
7133 
7134 
7135 
7136 
7137 
7138 
7139 
7140 
7142 
7145 
7150 
7151 
7153 
7154 
7155 
7156 
7157 
7158 
7159 
7160 
7163 
7164 
7165 
7166 
7167 
7170 
7171 
7172 
7173 
7174 
7175 
7176 
7177 
7178 
7179 
7180 
7181 
7183 
7184 
7187 
7188 
7189 
7190 
7191 
7192 
7193 
7194 
7195 
7197 
7198 
7199 
7203 
7205 
7206 
7210 
7211 
7212 
7217 
7218 
7219 
7220 
7221 
7223 
7226 
7227 
7228 
7229 
7230 
7231 
7232 
7234 
7235 
7236 
7239 
7240 
7241 
7245 
7251 
7252 
7253 
7255 
7260 
7265 
7266 
7267 
7268 
7269 
7270 
7271 
7276 
7278 
7281 
7282 
7283 
7284 
7285 
7286 
7287 
7291 
7293 
7294 
7296 
7298 
7299 
7300 
7302 
7305 
7309 
7310 
7317 
7320 
7321 
7326 
7327 
7329 
7330 
7332 
7333 
7335 
7336 
7337 
7342 
7343 
7344 
7345 
7347 
7348 
7349 
7350 
7352 
7353 
7354 
7355 
7357 
7360 
7363 
7371 
7372 
7374 
7376 
7377 
7379 
7380 
7382 
7383 
7390 
7392 
7394 
7401 
7402 
7403 
7404 
7405 
7409 
7413 
7415 
7416 
7417 
7418 
7419 
7420 
7421 
7424 
7425 
7426 
7427 
7428 
7429 
7430 
7431 
7441 
7444 
7445 
7446 
7447 
7448 
7451 
7452 
7453 
7454 
7455 
7456 
7457 
7458 
7459 
7461 
7462 
7465 
7466 
7467 
7468 
7469 
7470 
7471 
7472 
7473 
7474 
7476 
7477 
7480 
7481 
7482 
7483 
7484 
7485 
7486 
7487 
7492 
7494 
7495 
7501 
7502 
7503 
7505 
7509 
7511 
7513 
7514 
7515 
7518 
7522 
7523 
7524 
7525 
7527 
7528 
7531 
7535 
7536 
7537 
7538 
7540 
7545 
7546 
7549 
7550 
7554 
7563 
7564 
7565 
7569 
7570 
7571 
7572 
7576 
7577 
7578 
7579 
7580 
7581 
7585 
7586 
7594 
7595 
7597 
7598 
7599 
7600 
7601 
7602 
7605 
7608 
7609 
7610 
7611 
7613 
7614 
7615 
7616 
7617 
7619 
7623 
7625 
7626 
7629 
7630 
7637 
7638 
7639 
7644 
7645 
7650 
7659 
7660 
7661 
7663 
7664 
7665 
7670 
7676 
7677 
7678 
7679 
7682 
7684 
7685 
7686 
7687 
7696 
7697 
7698 
7703 
7704 
7705 
7706 
7715 
7716 
7717 
7719 
7720 
7721 
7724 
7727 
7728 
7729 
7732 
7733 
7736 
7737 
7738 
7741 
7742 
7743 
7744 
7745 
7747 
7750 
7751 
7752 
7753 
7754 
7755 
7756 
7758 
7759 
7760 
7761 
7762 
7766 
7767 
7768 
7769 
7770 
7771 
7772 
7773 
7774 
7775 
7777 
7779 
7780 
7781 
7782 
7783 
7789 
7790 
7792 
7796 
7797 
7800 
7801 
7802 
7804 
7805 
7806 
7808 
7812 
7814 
7815 
7818 
7821 
7822 
7826 
7827 
7828 
7829 
7830 
7831 
7832 
7834 
7836 
7837 
7841 
7842 
7843 
7844 
7845 
7848 
7849 
7850 
7851 
7852 
7853 
7854 
7856 
7861 
7863 
7864 
7865 
7866 
7867 
7868 
7869 
7870 
7873 
7875 
7877 
7878 
7883 
7884 
7885 
7886 
7887 
7888 
7889 
7891 
7892 
7893 
7894 
7900 
7901 
7902 
7903 
7904 
7905 
7906 
7907 
7911 
7914 
7915 
7916 
7919 
7920 
7922 
7923 
7925 
7929 
7930 
7931 
7932 
7933 
7934 
7935 
7937 
7938 
7939 
7940 
7941 
7942 
7944 
7945 
7948 
7949 
7950 
7953 
7954 
7955 
7956 
7957 
7959 
7960 
7964 
7966 
7967 
7968 
7969 
7970 
7972 
7973 
7974 
7975 
7976 
7978 
7980 
7981 
7982 
7985 
7993 
7995 
7998 
7999 
8000 
8001 
8005 
8006 
8009 
8010 
8011 
8012 
8013 
8014 
8015 
8020 
8023 
8027 
8035 
8036 
8040 
8041 
8045 
8046 
8047 
8048 
8049 
8052 
8053 
8054 
8055 
8056 
8057 
8060 
8061 
8062 
8063 
8064 
8065 
8066 
8069 
8070 
8071 
8072 
8074 
8075 
8076 
8077 
8080 
8081 
8084 
8085 
8086 
8087 
8088 
8089 
8091 
8092 
8093 
8094 
8095 
8096 
8097 
8098 
8099 
8100 
8101 
8102 
8103 
8104 
8105 
8106 
8107 
8108 
8109 
8110 
8111 
8112 
8114 
8115 
8118 
8119 
8120 
8126 
8131 
8133 
8135 
8136 
8137 
8138 
8140 
8142 
8144 
8145 
8146 
8147 
8150 
8152 
8153 
8155 
8156 
8157 
8158 
8159 
8161 
8162 
8165 
8166 
8167 
8170 
8171 
8172 
8173 
8177 
8179 
8180 
8181 
8182 
8183 
8184 
8187 
8189 
8190 
8193 
8194 
8195 
8196 
8197 
8199 
8202 
8203 
8205 
8206 
8211 
8213 
8214 
8215 
8216 
8221 
8222 
8229 
8231 
8232 
8233 
8236 
8238 
8241 
8242 
8243 
8244 
8245 
8248 
8251 
8252 
8253 
8254 
8255 
8256 
8260 
8261 
8262 
8264 
8265 
8266 
8270 
8271 5800 425 308 8 6 10 29 23 15 36 55 19 28 3 34 140 33 35 39 72 178 127 94 75 32 38 80 151 89 155 2565 306 154 50 86 130 182 152 56 132 257 236 282 224 339 261 258 273 259 255 135 324 310 147 319 406 192 407 150 564 592 226 417 346 704 304 280 606 325 348 222 1166 311 317 334 545 171 230 710 341 663 168 636 604 584 567 371 633 290 313 600 232 601 618 432 626 579 356 54 49 440 560 559 749 643 697 405 415 228 769 321 216 707 742 637 650 722 789 706 645 725 762 644 439 204 659 737 825 805 686 823 705 784 871 813 822 820 427 763 285 1137 922 587 647 715 717 1167 795 794 791 810 838 730 844 873 993 826 943 1062 590 941 861 1006 971 904 853 935 1267 928 691 1029 978 798 797 664 658 1185 1151 733 586 674 907 1034 960 1000 918 1236 1055 1022 1156 937 885 946 764 947 1035 982 1201 1023 956 994 1074 1990 1374 856 1097 1247 1111 667 665 836 1428 1234 1230 1286 163 1114 1211 403 1200 1319 1127 1075 1259 1193 981 985 882 959 859 1124 1352 1357 1032 1279 1024 2120 1305 363 302 362 301 1285 1284 1221 1248 1297 908 1164 1253 1377 1291 1203 1419 948 1471 1468 1487 1442 1444 1446 1608 1473 1353 1496 1190 1144 1394 1160 1390 1061 1549 1031 1441 1510 1571 1972 1542 1583 1489 1492 1125 696 350 447 1012 1700 1521 1621 1482 1039 1038 1538 1439 1326 1497 227 897 863 887 1547 1585 1587 1420 803 1555 1564 1128 1384 968 1997 975 1919 1537 1701 771 1506 1622 1717 1043 1525 1808 1661 1241 1260 1638 613 349 1637 1772 1407 1835 1603 1604 2072 1697 1432 1658 1754 1729 1550 1596 1705 1566 1315 1296 1814 1991 2001 1811 719 723 1501 1687 1628 1757 1792 1592 2174 2133 2135 2014 2237 974 1783 1749 1565 1730 1732 1918 1734 1985 2062 1507 1848 1746 1744 2109 1416 1769 2102 1888 1707 1977 1378 1688 2326 2398 761 1847 2145 2071 837 429 840 2276 2369 2323 1385 2229 2474 2225 2256 1816 1168 1733 2258 2760 2384 2485 1382 1964 2069 2231 2251 1837 2371 2016 2114 1044 1049 1465 2085 2117 1992 2128 1243 2240 2193 1836 1080 1100 2290 2289 2322 2083 2328 913 1165 1159 2576 1799 2410 1282 1781 2507 2667 2257 2440 2297 2381 1823 2646 2547 2223 1613 4401 2658 2506 2651 2332 2233 2206 2116 2234 2550 1360 2560 2411 2593 2340 1955 2435 2433 2264 2542 2209 2618 2620 2376 5179 2940 2504 1103 1714 2095 2091 2241 2338 2585 2252 1984 2790 2210 2129 3394 2375 2416 2592 2285 2178 2456 2871 2605 2516 1915 2653 2144 2134 2356 2660 2364 2707 2510 2654 1833 684 682 1961 3028 2619 2294 2672 2594 2612 2700 2674 2713 2686 1966 1965 2799 2623 3018 2657 2595 2746 2307 1857 2859 2765 3009 2599 2768 1646 2617 2587 2647 2764 3614 3919 1982 1612 2968 2822 2693 2747 3010 2689 2972 2831 3027 3026 2475 2181 2696 3059 2932 3352 30 1935 3084 2511 3238 1498 3073 3452 1747 1610 1716 2655 3192 2645 2697 2909 3404 2727 2838 3912 3276 3000 3381 2981 2535 2160 3586 3458 3447 3274 3015 2851 3607 2811 3433 3453 3455 3454 2923 3024 827 3258 3092 3034 2775 2774 3150 3033 2912 3020 3256 3056 3787 2991 2993 3291 2958 3180 465 3007 3297 3498 896 3459 3348 2687 3125 3145 2597 3417 3191 3922 3541 3480 2974 2724 3144 3456 967 4040 3109 3461 3439 2819 3036 3148 3567 3479 3568 2544 3615 2951 3200 3556 3284 3796 3643 2277 4824 4310 3691 3321 2325 3021 3346 1196 3724 3443 1859 1261 1855 1927 1908 1858 3463 3631 3635 2999 3634 3483 3301 3785 3969 5445 3813 1680 4013 3660 4124 3562 2508 3842 4717 3792 3976 3812 3334 3835 3806 4507 4748 4355 4041 4099 3854 3748 3803 5002 4191 2342 4527 4276 4632 4653 4138 3956 4065 5022 3587 3910 4071 4441 5020 4468 4044 4127 4448 3843 3949 4219 4400 4297 4111 4211 5262 4483 4212 4261 4298 3309 4072 2787 4981 4162 3645 3557 4531 3958 4547 4661 4269 3973 4098 1375 3971 4828 2552 5176 4687 3538 4266 4588 4706 4792 2914 5189 4536 4662 3460 4550 4899 5079 4335 1018 1520 2097 3393 4964 4315 4189 4814 4846 4574 4712 3873 4587 4482 5140 5188 4604 5103 4432 4795 4488 4764 5273 5301 3465 5121 5524 4557 3962 3752 3409 5775 4709 3106 5155 5285 4777 4980 5289 3293 4422 4666 1865 4781 4600 4338 5123 3002 2708 4992 5773 5439 5582 3770 5671 5028 5605 608 5037 5452 4938 5454 5263 1393 5182 5246 5928 5437 5543 5061 5651 5106 4055 4966 5802 5697 5457 4715 5423 2785 1322 5295 5655 6523 3310 6043 4994 5819 5199 5822 5254 1548 4796 3830 5430 5233 4175 5684 5714 2246 5814 5809 5624 5321 1524 5584 5807 4798 4103 5626 5799 5709 5817 5801 5804 5798 5818 5811 5178 4534 5484 6004 5772 6327 5529 5479 5222 5932 5998 5776 5721 6006 5806 3320 4879 6907 5872 5739 5630 5824 6170 6299 5404 5827 5839 5871 5596 6272 6270 6000 6243 6032 6218 5757 5812 5378 5432 6323 6097 6241 6596 6001 6421 6618 6151 6624 5738 6221 6156 6305 6613 5012 6229 5482 6094 6227 6360 6914 4110 657 2770 1154 628 624 5487 6414 6320 7047 6311 7052 6552 6714 5980 6913 6560 6198 6772 6555 6790 6784 2834 4934 6946 4361 6280 6789 6934 6938 7054 6918 6501 6447 6993 6774 6123 7021 5200 5215 6262 6736 6994 6917 7092 5306 5620 5969 6611 7490 6924 7280 7131 7279 6595 7449 7225 6458 7378 7393 6951 7400 6976 7295 7262 7493 7277 7666 7647 7675 6712 7120 7050 6770 4435 7835 7391 7237 7588 7701 7648 7691 6422 7386 7233 7238 5096 7882 4884 6665 7362 5563 4485 3103 4625 5296 3897 4530 5680 5226 4037 5614 7005 6855 3576 7544 6945 7791 8051 8021 7862 4983 7301 6570 7860 5922 6875 7810 6347 5829 6783 5323 5255 7443 7649 6474 6023 7520 7833 8050 7928 5162 3871 3661 8204 7062 7517 7593 7110 7618 7012 7910 7634 7063 6755 7023 6634 3809 5466 3885 5897 7351 5950 7924 8042 7407 7874 6503 6424 5972 7695 6809 7365 7088 6592 6813 6344 6833 5760 6491 6923 7341 6334 6330 6442 6462 6780 6044 6174 4331 5072 5753 5936 6759 4786 4791 5933 5341 7726 5415 5421 5639 5499 5500 5902 6765 7387 5705 3554 6047 4471 5312 5267 5511 5623 4929 4827 1310 2517 4977 4689 5527 4290 4351 4993 5384 5387 4068 4944 5569 3173 4220 5640 3005 3720 3313 4078 4263 4009 3911 4233 4199 4500 4234 5043 4231 3800 3555 3646 3089 668 2856 2900 3726 4654 1678 5064 6709 4866 2324 3629 3832 3664 3029 2815 2925 3717 3898 4024 4986 3999 3435 3171 2880 2844 3260 3681 4201 3804 2918 2378 7389 8263 7642 2830 8227 2665 2366 2662 3980 4134 2281 2721 1706 3338 2163 4412 3271 2242 2168 1805 2119 2917 2570 1534 1641 1689 2354 1619 1662 575 999 1141 2053 1849 932 2121 2736 1157 1472 903 1199 1403 7222 895 1493 1232 1239 1060 1979 802 760 677 105 488 673 338 565 616 153 93 243 549 246 175 3255 95 108 64 
7672 
4561 
477 
6965 
6691 
167 
378 
617 
274 
219 
1077 
252 
694 
390 
358 
396 
392 
300 
377 
389 
359 
5469 
779 
631 
581 
421 
942 
433 
431 
422 
1240 
3205 
700 
566 
622 
611 
607 
379 
681 
675 
670 
756 
934 
748 
4886 
3908 
3105 
1970 
991 
983 
881 
866 
878 
864 
1435 
1020 
979 
955 
945 
1152 
1950 
1533 
1418 
1131 
1330 
1270 
1220 
1192 
1092 
1030 
1402 
2843 
1595 
1485 
1277 
2244 
2798 
3138 
2423 
5665 
1478 
2112 
2679 
1884 
1581 
1532 
2007 
1657 
1490 
1618 
2055 
7658 
2425 
1652 
1861 
1636 
1983 
1791 
1672 
1649 
2165 
1901 
2202 
1580 
1780 
1768 
7735 
6756 
4580 
1969 
1752 
2484 
2101 
1880 
6826 
6054 
4880 
1372 
1774 
1692 
1518 
1425 
1413 
1396 
1321 
2004 
6055 
3875 
2205 
3429 
2818 
2409 
2362 
6106 
5274 
2670 
2650 
3237 
3825 
2479 
2106 
2685 
2422 
2157 
1987 
2400 
2397 
3082 
3592 
5470 
2910 
3080 
2801 
5253 
3669 
2828 
2805 
2751 
2809 
2794 
6621 
6279 
5533 
3939 
6475 
5442 
3880 
8175 
3266 
4235 
4171 
2922 
3023 
5882 
3974 
3822 
3737 
3745 
3713 
6840 
3623 
3410 
3486 
3446 
3193 
6680 
7708 
6376 
5955 
7881 
7636 
5931 
3856 
3811 
4783 
3068 
3671 
3050 
2966 
4012 
7042 
4481 
3772 
3609 
3549 
4403 
4265 
4822 
4188 
4058 
5362 
7292 
4876 
5434 
4173 
4117 
4311 
4303 
4272 
6721 
5673 
3921 
6307 
6997 
6257 
6130 
5388 
5303 
4954 
4684 
4558 
4942 
3797 
4254 
3867 
4621 
4480 
3547 
4049 
3942 
3933 
3893 
3888 
3849 
3680 
3616 
8038 
4991 
4728 
4639 
4562 
4552 
4466 
4047 
4332 
3235 
3164 
3155 
3376 
3363 
3253 
4411 
2720 
2629 
2607 
2604 
2591 
7909 
3807 
6225 
6107 
4946 
4831 
4031 
4815 
4809 
4808 
4779 
4677 
4658 
4650 
7297 
4648 
5033 
4384 
4088 
4051 
5058 
6083 
5364 
4987 
4776 
5663 
5635 
5354 
5309 
5146 
5740 
5706 
5375 
5350 
5271 
5075 
5026 
4620 
4613 
4529 
4453 
4181 
6723 
6685 
6668 
6641 
6778 
5664 
5539 
5368 
5310 
5208 
5145 
5133 
6010 
5860 
5650 
6088 
7506 
6950 
8149 
6543 
6920 
6858 
6080 
5792 
6096 
6041 
6021 
5308 
5880 
5832 
6983 
6762 
7690 
6059 
5837 
5754 
6278 
6164 
5588 
5564 
5559 
5514 
5513 
5506 
5481 
5471 
5426 
5790 
5784 
8058 
6987 
7799 
5838 
7439 
6568 
6162 
7819 
7436 
7060 
6967 
6777 
6686 
6589 
6409 
6632 
6982 
6111 
6078 
5737 
5509 
5780 
5693 
5637 
5463 
6009 
5947 
8148 
6109 
6029 
5991 
5756 
8068 
7162 
6942 
6806 
6027 
6110 
6553 
6532 
6435 
7319 
6805 
6724 
6437 
6432 
6890 
6670 
6576 
6400 
7204 
6661 
5956 
7215 
6953 
6720 
6337 
5973 
7201 
6769 
6700 
6328 
6948 
7734 
7653 
7986 
7534 
7304 
7273 
7257 
7246 
7146 
6590 
6464 
6511 
6407 
6340 
6302 
6269 
6235 
6226 
7913 
8130 
7765 
8025 
8007 
7318 
7243 
7040 
6606 
8169 
7359 
7254 
7144 
6530 
7149 
7143 
7073 
7491 
7423 
7315 
7533 
7074 
7478 
7668 
7397 
7590 
7440 
7840 
8019 
7952 
7899 
7442 
6498 
6663 
6628 
7323 
7168 
6594 
6251 
7290 
7289 
7250 
7161 
7185 
7094 
7857 
7730 
8186 
8090 
7740 
7574 
7508 
7498 
8235 
8225 
8209 
8212 
8168 
8141 
8139 
8132 
8128 
8122 
8079 
8073 
8044 
8037 
8033 
8002 
7996 
7994 
7991 
7965 
7946 
7890 
7855 
7778 
7707 
7694 
8226 
7788 
8134 
8121 
8083 
7992 
7422 
7683 
7529 
7512 
7497 
7763 
7662 
7186 
7119 
7115 
7699 
8224 
7688 
7673 
7652 
7646 
7604 
7583 
7561 
7557 
7510 
8198 
8124 
8249 
8246 
8237 
8219 
7813 
7795 
7757 
6980 
7316 
7059 
6955 
6930 
6901 
6892 
6873 
6869 
6860 
6850 
6788 
7669 
5592 
7434 
7921 
7624 
7214 
7108 
7101 
6699 
5926 
7116 
7450 
7871 
7809 
7587 
7414 
6737 
6739 
6933 
6715 
6306 
6571 
6567 
6388 
6321 
7620 
7567 
6803 
5643 
6149 
6105 
6124 
5887 
6505 
6481 
6098 
7306 
6707 
6566 
6529 
6472 
6427 
6725 
7979 
7912 
8192 
8174 
8043 
8024 
6496 
6261 
6417 
5977 
5782 
5778 
5713 
7927 
6166 
6161 
5994 
5683 
5570 
5745 
5467 
6255 
5925 
5886 
5863 
5848 
5844 
5132 
5100 
4887 
5835 
5465 
5148 
7839 
5850 
5828 
5351 
7961 
5335 
5327 
5326 
5732 
6599 
6296 
5141 
5115 
5092 
5638 
6246 
6148 
5891 
5830 
5204 
6979 
7908 
7381 
7373 
6832 
5694 
4962 
4820 
4797 
4386 
4385 
5245 
5406 
5210 
5417 
5144 
5120 
3769 
6441 
5963 
5568 
4417 
6554 
6528 
6682 
4713 
8028 
4218 
7879 
5393 
5392 
5363 
5311 
5260 
5240 
5231 
5298 
5239 
5305 
4778 
8163 
3808 
4953 
4359 
4289 
4043 
4631 
5545 
7632 
5743 
4780 
4678 
5130 
5083 
5044 
4645 
4646 
4719 
4299 
6897 
6600 
4014 
3967 
4216 
3937 
3926 
5073 
5449 
5045 
4811 
4584 
4583 
4528 
4463 
4424 
2386 
4373 
4551 
5459 
2579 
3970 
3887 
3847 
3520 
2499 
4341 
4349 
5288 
4365 
4323 
4247 
3650 
2589 
5412 
4179 
4402 
3892 
3104 
4999 
3464 
4578 
3816 
4183 
4030 
4735 
2963 
1191 
3670 
3489 
8178 
2979 
2956 
2946 
2926 
3537 
3408 
3099 
2821 
7651 
2977 
2777 
4021 
3580 
3529 
4510 
3265 
3030 
3548 
3371 
3324 
3319 
3516 
3506 
3285 
3307 
2928 
2877 
3114 
3117 
2652 
4605 
2825 
3140 
4011 
3201 
2348 
2329 
3014 
2273 
2955 
2345 
2990 
3243 
3126 
3130 
2973 
2638 
2490 
3755 
2902 
2797 
2501 
2580 
2426 
2385 
2253 
2643 
2350 
2669 
3914 
3903 
3351 
2996 
1653 
2814 
1654 
2211 
2470 
2076 
2073 
2060 
2137 
2079 
2763 
2754 
2182 
2185 
3251 
1920 
1770 
1771 
2341 
1222 
1007 
995 
1723 
1726 
1864 
1973 
2333 
1903 
1893 
1787 
3946 
1486 
2195 
1600 
1411 
2339 
1648 
1597 
1563 
1557 
1556 
1569 
3136 
1793 
1476 
938 
1669 
1629 
1777 
2625 
1956 
1573 
1679 
1633 
1250 
1323 
2575 
1758 
1802 
1788 
1464 
1531 
1389 
1718 
1593 
1842 
525 
524 
1513 
1266 
875 
963 
4875 
3473 
966 
1953 
1798 
1186 
972 
1287 
1140 
930 
1123 
1053 
2781 
7803 
7553 
5055 
744 
936 
2066 
2571 
2247 
1218 
1963 
1819 
1514 
1014 
958 
929 
906 
849 
868 
793 
743 
687 
857 
765 
778 
741 
893 
1437 
538 
1026 
829 
506 
314 
977 
609 
1453 
1307 
514 
2151 
1484 
989 
839 
435 
428 
806 
750 
322 
746 
739 
656 
394 
619 
627 
286 
332 
589 
4256 
714 
817 
372 
515 
391 
3776 
373 
402 
144 
298 
5793 
271 
250 
183 
517 
368 
370 
61 
299 
214 
1412 
8272 
8273 
4940 
8274 
8275 
8276 
8277 
8282 
8283 
8284 
8285 
8286 
8287 
8288 
8289 
8290 
8291 
8292 
8293 
8294 
8295 
8296 
8297 
Time taken: 665
